0 0.099015 0.436837 0.197484 0.320671
2 0.250684 0.082597 0.087254 0.163428
2 0.380470 0.080389 0.085339 0.155477
1 0.317834 0.436837 0.088074 0.290636
2 0.250410 0.725707 0.083972 0.161661
2 0.319748 0.920495 0.085339 0.159011
2 0.380470 0.731890 0.088074 0.174028
1 0.725656 0.436837 0.087527 0.290636
2 0.674371 0.082597 0.087254 0.163428
2 0.775027 0.080389 0.087254 0.159011
0 0.900848 0.432420 0.196116 0.317138
0 0.544858 0.542403 0.198031 0.537102
3 0.403720 0.438163 0.081510 0.068905
3 0.236597 0.438163 0.075492 0.068905
4 0.662199 0.439046 0.036652 0.061837
3 0.784054 0.436837 0.033096 0.053887
