0 0.196970 0.180305 0.170455 0.252427
0 0.717330 0.113731 0.169508 0.224688
0 0.764205 0.624827 0.170455 0.226075
0 0.343750 0.678918 0.160985 0.226075
0 0.121686 0.651872 0.156250 0.174757
1 0.473011 0.124827 0.114583 0.085992
1 0.500947 0.457698 0.113636 0.091540
1 0.898201 0.955617 0.118371 0.088766
1 0.329545 0.405687 0.094697 0.081831
1 0.131155 0.407767 0.097538 0.077670
2 0.508996 0.330791 0.097538 0.062413
2 0.556818 0.568655 0.096591 0.058252
3 0.298769 0.136616 0.031250 0.031900
3 0.609375 0.131068 0.044508 0.034674
3 0.821496 0.186546 0.040720 0.034674
3 0.661932 0.596394 0.034091 0.030513
4 0.239583 0.594313 0.037879 0.026352
4 0.299242 0.287795 0.032197 0.023578
4 0.294981 0.218447 0.027462 0.020804
4 0.089962 0.250347 0.037879 0.020804
3 0.028883 0.637309 0.033144 0.026352
3 0.022727 0.718447 0.037879 0.022191
