5 0.888615 0.282895 0.222770 0.417763
0 0.609455 0.875548 0.121141 0.157895
0 0.400407 0.137336 0.130575 0.273575
0 0.402659 0.581689 0.138079 0.262061
6 0.674421 0.230537 0.102702 0.138706
6 0.618782 0.449013 0.102487 0.137061
1 0.670026 0.681195 0.104631 0.135417
1 0.429245 0.811404 0.102487 0.131579
1 0.335763 0.930921 0.104631 0.138158
1 0.215802 0.493421 0.105703 0.137061
1 0.232526 0.221765 0.103130 0.135417
0 0.064751 0.316338 0.129074 0.207237
2 0.166917 0.089912 0.061535 0.073465
2 0.253645 0.045504 0.078473 0.070175
2 0.150729 0.664748 0.063036 0.065241
2 0.244533 0.665570 0.079117 0.091009
3 0.141402 0.388158 0.026801 0.036184
3 0.141081 0.317708 0.027444 0.029057
4 0.476415 0.186678 0.025300 0.037829
4 0.768546 0.200658 0.026801 0.033991
3 0.769833 0.363487 0.026801 0.030702
4 0.767903 0.457785 0.029374 0.027412
4 0.321720 0.186678 0.026801 0.037829
4 0.484455 0.648575 0.026801 0.042763
4 0.538165 0.839638 0.021441 0.034539
4 0.679460 0.840461 0.020154 0.032895
4 0.538057 0.932018 0.022942 0.027412
