0 0.275585 0.195640 0.237329 0.184879
0 0.882797 0.192881 0.231481 0.185982
0 0.767544 0.906181 0.236842 0.187638
5 0.276072 0.871137 0.258772 0.234547
1 0.552144 0.525662 0.195906 0.152870
1 0.882797 0.570916 0.201267 0.151766
1 0.570419 0.185706 0.204191 0.098786
6 0.276803 0.508002 0.243665 0.179360
2 0.074561 0.640177 0.148148 0.091611
2 0.085770 0.411148 0.148148 0.084989
2 0.566520 0.035044 0.106725 0.068985
3 0.749756 0.184603 0.036550 0.036976
3 0.414717 0.189570 0.046784 0.045806
3 0.392544 0.309327 0.030702 0.044702
4 0.277047 0.304912 0.039474 0.033664
3 0.276072 0.737859 0.029727 0.027594
4 0.653265 0.796909 0.030702 0.035320
4 0.885965 0.797461 0.030214 0.034216
3 0.884747 0.300497 0.042398 0.035872
