0 0.405577 0.053305 0.318124 0.105544
0 0.158270 0.544776 0.315906 0.184435
0 0.127376 0.929371 0.230672 0.141258
5 0.788657 0.505864 0.422687 0.336887
6 0.443599 0.507463 0.153359 0.067164
1 0.424588 0.267058 0.155894 0.100213
1 0.185678 0.235075 0.152091 0.095949
1 0.139417 0.763859 0.158428 0.070362
2 0.468948 0.735608 0.239544 0.058635
2 0.437896 0.832090 0.235741 0.057569
3 0.159696 0.442431 0.049430 0.022388
4 0.331432 0.512793 0.035488 0.022388
4 0.563371 0.506397 0.032953 0.024520
3 0.138783 0.852345 0.035488 0.021322
