0 0.177215 0.206657 0.310759 0.408525
0 0.837342 0.088123 0.227848 0.173372
0 0.837500 0.441331 0.230696 0.313697
0 0.198576 0.883860 0.217405 0.232280
1 0.536867 0.085967 0.134494 0.101054
1 0.197152 0.540230 0.153797 0.113985
1 0.678165 0.853448 0.151266 0.115900
1 0.540348 0.375479 0.154114 0.115900
2 0.536867 0.223420 0.090823 0.071360
3 0.343513 0.088602 0.027532 0.031609
3 0.706804 0.087404 0.035127 0.032088
3 0.351266 0.374521 0.037342 0.047893
3 0.706329 0.371169 0.039873 0.044061
3 0.076899 0.880029 0.030380 0.043582
3 0.328639 0.853927 0.047152 0.048851
3 0.971044 0.373324 0.040823 0.054119
3 0.350475 0.146552 0.038924 0.049808
