0 0.107759 0.268862 0.214328 0.536445
0 0.522889 0.728581 0.213436 0.542839
0 0.892539 0.153453 0.211950 0.305627
0 0.107907 0.859015 0.215220 0.239770
2 0.617568 0.053708 0.121581 0.106138
1 0.707640 0.232737 0.111474 0.158568
1 0.304400 0.281969 0.112961 0.152174
1 0.249257 0.640985 0.097206 0.152813
3 0.235434 0.116368 0.039834 0.071611
3 0.397295 0.535486 0.036564 0.067136
3 0.650416 0.523977 0.039834 0.069693
3 0.764863 0.032289 0.040428 0.059463
3 0.232461 0.427749 0.038050 0.063939
4 0.231421 0.854540 0.032996 0.062020
