0 0.113237 0.126572 0.222083 0.250786
0 0.660602 0.110653 0.226474 0.110456
0 0.885979 0.485653 0.228043 0.159198
0 0.390841 0.501572 0.226474 0.191038
0 0.122961 0.896226 0.224592 0.207547
1 0.121706 0.355936 0.156211 0.097877
1 0.113237 0.649175 0.157465 0.093160
1 0.396016 0.127555 0.151506 0.097877
1 0.661857 0.324686 0.154329 0.096698
1 0.618570 0.520637 0.149310 0.093160
1 0.346926 0.259237 0.151819 0.095519
1 0.388018 0.711871 0.149310 0.093553
0 0.107277 0.492925 0.125471 0.069969
2 0.587673 0.665094 0.131430 0.076258
2 0.727102 0.670401 0.127353 0.080582
3 0.534191 0.123821 0.028231 0.030660
3 0.240119 0.126965 0.027917 0.045597
3 0.111198 0.537539 0.034818 0.031840
3 0.109944 0.444575 0.035445 0.033019
3 0.115747 0.269458 0.028858 0.034984
3 0.124373 0.783608 0.030427 0.024764
3 0.256587 0.897209 0.040778 0.026336
3 0.388802 0.611635 0.039210 0.033019
3 0.446989 0.394261 0.026349 0.029874
3 0.333595 0.393082 0.030427 0.029874
3 0.760979 0.523781 0.025721 0.029481
4 0.243099 0.213640 0.033877 0.031840
4 0.517566 0.522209 0.033877 0.043632
4 0.661230 0.185731 0.036386 0.037343
