0 0.382255 0.135607 0.142157 0.270383
0 0.709804 0.514559 0.141176 0.203827
0 0.384608 0.841722 0.141373 0.286606
5 0.921373 0.481073 0.157255 0.199251
5 0.085490 0.591514 0.169020 0.354409
6 0.383529 0.548253 0.093333 0.099002
6 0.220686 0.231281 0.091961 0.099002
6 0.220980 0.950083 0.094118 0.099002
6 0.707843 0.827579 0.091373 0.111897
6 0.693922 0.244176 0.096078 0.104825
1 0.561078 0.305948 0.095490 0.101913
1 0.569902 0.784942 0.093922 0.099002
2 0.787843 0.900582 0.078431 0.069052
2 0.765000 0.148918 0.079804 0.069052
3 0.832549 0.533278 0.021569 0.037438
3 0.830490 0.430116 0.025686 0.043261
3 0.465784 0.226913 0.024902 0.044509
3 0.182745 0.588602 0.029804 0.047421
3 0.180686 0.677413 0.028431 0.038686
3 0.462745 0.818844 0.021569 0.040349
4 0.179412 0.504784 0.020392 0.022879
4 0.301078 0.172629 0.022941 0.033278
4 0.466373 0.125208 0.023725 0.041597
4 0.627647 0.487313 0.018824 0.028702
4 0.627647 0.538478 0.021569 0.038686
4 0.627647 0.590058 0.024314 0.027038
4 0.303137 0.913478 0.020392 0.039933
4 0.466765 0.876248 0.026863 0.040349
