0 0.116597 0.532267 0.232726 0.800976
0 0.490430 0.337852 0.233427 0.195228
0 0.489729 0.793384 0.233427 0.285249
0 0.883287 0.576735 0.233427 0.846529
1 0.672502 0.347072 0.076097 0.180043
1 0.690826 0.747560 0.073996 0.181670
1 0.690476 0.911876 0.076097 0.175163
1 0.299720 0.339479 0.074697 0.176790
1 0.308707 0.751356 0.078198 0.179501
1 0.308357 0.912148 0.071895 0.175705
2 0.673319 0.056670 0.095938 0.091649
2 0.299020 0.043655 0.094771 0.086226
3 0.752918 0.345445 0.027311 0.046638
3 0.754552 0.749187 0.022642 0.051518
3 0.754202 0.911063 0.023343 0.043384
3 0.617180 0.911876 0.022876 0.045011
3 0.617530 0.351139 0.024510 0.045011
3 0.364146 0.338666 0.023343 0.048265
3 0.244631 0.343275 0.023343 0.054230
3 0.245331 0.748373 0.026144 0.055315
3 0.244048 0.911605 0.024510 0.054230
4 0.366013 0.749187 0.016807 0.041757
4 0.365780 0.909436 0.017274 0.040130
4 0.615780 0.751356 0.018674 0.049349
