5 0.770254 0.103354 0.262999 0.203842
5 0.182437 0.103498 0.256046 0.206422
5 0.474002 0.324828 0.232769 0.215596
6 0.746675 0.299312 0.144498 0.071101
6 0.746221 0.413991 0.147823 0.073394
6 0.818773 0.562500 0.147823 0.064794
6 0.469468 0.561067 0.149940 0.063647
6 0.154323 0.564220 0.149033 0.069954
6 0.189692 0.400659 0.145405 0.071961
6 0.153265 0.895929 0.142080 0.071101
6 0.830109 0.895069 0.152358 0.071101
0 0.479746 0.728784 0.219468 0.106078
0 0.479595 0.890052 0.217352 0.104071
4 0.468410 0.658687 0.029323 0.031823
3 0.466898 0.450115 0.041415 0.034977
4 0.608374 0.721904 0.040206 0.028670
4 0.354141 0.723481 0.033555 0.029530
3 0.607920 0.896072 0.039299 0.032970
3 0.352479 0.896502 0.043531 0.033830
4 0.607316 0.297592 0.040508 0.027523
4 0.608525 0.412271 0.038089 0.029817
4 0.344166 0.401663 0.033555 0.023509
3 0.191354 0.221187 0.027811 0.025516
3 0.082074 0.220183 0.026904 0.033830
3 0.819982 0.219610 0.033555 0.026376
3 0.867140 0.222334 0.026904 0.034117
3 0.892684 0.223337 0.029021 0.036124
3 0.922007 0.128297 0.038089 0.039278
2 0.745617 0.975057 0.126663 0.048739
2 0.916868 0.974627 0.126360 0.047878
2 0.238966 0.974771 0.123035 0.050459
2 0.081620 0.974771 0.126360 0.050459
3 0.031741 0.127724 0.053809 0.023222
