0 0.757906 0.076249 0.229285 0.107313
0 0.759171 0.421819 0.229285 0.182521
0 0.822897 0.685196 0.232764 0.110583
5 0.153068 0.332788 0.255534 0.276159
5 0.154807 0.775416 0.260911 0.388526
6 0.475016 0.215369 0.173941 0.075208
6 0.449083 0.106570 0.189753 0.078775
1 0.872075 0.237069 0.154649 0.072235
1 0.521347 0.457491 0.151486 0.071344
1 0.504269 0.617717 0.180582 0.073127
1 0.510595 0.820006 0.161607 0.069857
2 0.475016 0.726070 0.198608 0.047860
2 0.509488 0.906659 0.175206 0.049941
3 0.891682 0.112961 0.040797 0.032105
3 0.892948 0.423454 0.038267 0.032996
3 0.628083 0.457045 0.041746 0.031807
3 0.690070 0.684156 0.041746 0.034185
3 0.688488 0.719828 0.038583 0.022295
3 0.303289 0.608650 0.038583 0.027646
3 0.303922 0.912307 0.041746 0.029727
3 0.298229 0.437872 0.041746 0.025565
4 0.300443 0.383175 0.044276 0.035077
4 0.625712 0.114596 0.039532 0.028835
4 0.625870 0.051873 0.037318 0.026457
3 0.297596 0.223989 0.040481 0.026457
