0 0.693680 0.063685 0.183486 0.125474
0 0.683869 0.443426 0.184251 0.391909
5 0.246432 0.441846 0.206422 0.228824
5 0.468400 0.902339 0.203874 0.192794
6 0.469419 0.512484 0.122324 0.074905
1 0.763634 0.771650 0.121560 0.081226
1 0.254460 0.721081 0.124108 0.076802
1 0.479867 0.177307 0.124873 0.072693
2 0.933869 0.785240 0.132263 0.081226
2 0.067406 0.810051 0.134302 0.077750
4 0.690240 0.651391 0.032365 0.028445
4 0.247706 0.568268 0.030581 0.026549
3 0.359837 0.900759 0.020387 0.050569
3 0.584480 0.857459 0.026249 0.036030
4 0.356779 0.452908 0.024465 0.036030
4 0.582696 0.448641 0.019623 0.029393
3 0.584862 0.374526 0.018858 0.041087
3 0.589959 0.061631 0.027013 0.034766
3 0.254077 0.321271 0.028033 0.027497
