5 0.621751 0.148105 0.261970 0.295287
5 0.123119 0.453327 0.245554 0.371534
0 0.876197 0.556146 0.245554 0.222274
0 0.506156 0.915203 0.245554 0.169593
6 0.917408 0.222043 0.165185 0.111368
6 0.440150 0.516636 0.164843 0.108133
6 0.191689 0.750000 0.167237 0.116451
1 0.568399 0.639325 0.163475 0.111368
2 0.541895 0.427449 0.138509 0.076710
2 0.343023 0.620610 0.138167 0.076710
3 0.774795 0.076710 0.042750 0.038817
3 0.267442 0.453327 0.040356 0.023105
3 0.739911 0.638170 0.025650 0.024954
3 0.063098 0.651340 0.020178 0.028189
4 0.739398 0.511553 0.028044 0.028651
4 0.962551 0.430684 0.026334 0.030499
4 0.581224 0.815619 0.019494 0.036044
4 0.367818 0.874307 0.029754 0.029575
