0 0.482033 0.070885 0.181420 0.141294
0 0.906880 0.349191 0.186240 0.142721
0 0.483019 0.348121 0.181201 0.149144
0 0.093230 0.345861 0.186021 0.138440
5 0.474036 0.825999 0.232910 0.348002
6 0.473050 0.547098 0.143295 0.071361
1 0.685692 0.343720 0.106705 0.058516
1 0.289330 0.352402 0.106705 0.062559
1 0.092134 0.760585 0.108457 0.061608
1 0.907756 0.762607 0.108677 0.059467
1 0.878506 0.115128 0.111525 0.059467
1 0.076139 0.114534 0.108457 0.060657
2 0.780894 0.172336 0.091586 0.042103
2 0.140885 0.170314 0.094654 0.035680
3 0.586109 0.115604 0.030675 0.032350
3 0.878396 0.263202 0.028046 0.022598
3 0.599036 0.763796 0.022787 0.027117
3 0.093668 0.430186 0.037905 0.021646
3 0.075701 0.265343 0.031770 0.020695
3 0.194676 0.353473 0.020815 0.030447
3 0.377520 0.115604 0.025855 0.028069
3 0.475131 0.644862 0.037905 0.027117
4 0.384422 0.352402 0.019939 0.034491
4 0.582165 0.345385 0.018843 0.031399
4 0.474474 0.429710 0.030894 0.020695
3 0.908304 0.427569 0.030018 0.022598
4 0.348050 0.759990 0.026950 0.030447
3 0.802805 0.344910 0.025855 0.028069
