0 0.110481 0.155297 0.220294 0.294588
0 0.822430 0.076982 0.238985 0.150152
0 0.781208 0.875762 0.241989 0.244665
5 0.846295 0.402439 0.307410 0.288872
5 0.208611 0.765434 0.307744 0.409680
6 0.411716 0.346799 0.185247 0.095274
6 0.135848 0.440930 0.186248 0.095274
1 0.392190 0.481898 0.157543 0.096418
1 0.509012 0.147866 0.161549 0.092988
2 0.437583 0.774009 0.138852 0.062500
3 0.679072 0.070694 0.043725 0.033918
3 0.662884 0.386052 0.052069 0.040396
3 0.119159 0.322599 0.047397 0.036204
4 0.155874 0.537919 0.033378 0.036966
4 0.241656 0.266959 0.045394 0.033155
4 0.239820 0.187500 0.041722 0.035061
3 0.640187 0.806212 0.049399 0.031631
