5 0.734657 0.196312 0.156438 0.391540
5 0.920878 0.195770 0.155836 0.390456
0 0.795126 0.815076 0.145006 0.199566
0 0.385078 0.618764 0.144404 0.262473
0 0.384928 0.273319 0.145909 0.259219
0 0.061071 0.457701 0.120939 0.194143
6 0.565734 0.302332 0.098375 0.138286
6 0.601233 0.587852 0.097172 0.133406
1 0.216456 0.315618 0.097774 0.133406
1 0.193742 0.598156 0.098676 0.134490
1 0.193742 0.748644 0.097473 0.135033
1 0.566486 0.813178 0.096871 0.136117
2 0.488117 0.944685 0.087545 0.063991
2 0.641847 0.953905 0.094164 0.092191
4 0.723225 0.408351 0.028279 0.030369
4 0.915313 0.406453 0.027377 0.028742
4 0.648315 0.304772 0.016245 0.040130
4 0.466606 0.305857 0.018652 0.030369
4 0.466606 0.585683 0.018652 0.042299
4 0.061071 0.342191 0.025872 0.032538
3 0.301594 0.317245 0.020758 0.041215
3 0.302948 0.370119 0.024067 0.030911
3 0.397413 0.769523 0.012635 0.043384
3 0.712244 0.811280 0.020758 0.033623
3 0.466155 0.228037 0.019555 0.038503
3 0.300391 0.525217 0.023165 0.049349
3 0.302497 0.659165 0.020758 0.049349
3 0.059868 0.571312 0.030686 0.037419
4 0.102888 0.571041 0.018652 0.032538
