0 0.844233 0.090221 0.251758 0.155074
0 0.871132 0.549509 0.253516 0.280687
0 0.183544 0.386866 0.257384 0.574059
0 0.485232 0.924714 0.251758 0.150573
1 0.482243 0.052578 0.168425 0.103519
1 0.492089 0.542553 0.169128 0.103110
1 0.816456 0.900573 0.170183 0.104746
1 0.085443 0.850450 0.170183 0.103519
2 0.493847 0.245295 0.145218 0.073241
3 0.702004 0.087971 0.030591 0.034370
3 0.324719 0.128069 0.030591 0.027823
3 0.727145 0.466039 0.037975 0.026187
3 0.327356 0.523118 0.037975 0.036416
3 0.042722 0.623773 0.027778 0.033142
3 0.877110 0.701923 0.045359 0.032324
4 0.336674 0.925327 0.039733 0.029051
4 0.625352 0.924714 0.027075 0.036825
