0 0.591867 0.124497 0.173494 0.149272
0 0.590211 0.367451 0.170181 0.266027
0 0.842620 0.717714 0.168373 0.152679
0 0.590512 0.898111 0.171386 0.116445
0 0.107681 0.717714 0.171386 0.150821
1 0.856024 0.519046 0.143373 0.079901
1 0.349699 0.519201 0.140361 0.071539
4 0.687801 0.292196 0.029217 0.027563
4 0.486898 0.392072 0.036446 0.026634
4 0.209639 0.680861 0.034337 0.021369
4 0.210542 0.734283 0.036145 0.025395
4 0.487349 0.916847 0.037349 0.021369
4 0.740813 0.737999 0.039458 0.035305
4 0.947892 0.699597 0.034337 0.024775
3 0.694578 0.393001 0.038554 0.026634
3 0.693976 0.107928 0.041566 0.034995
3 0.692018 0.919015 0.033434 0.031898
