0 0.499836 0.064116 0.208333 0.126796
0 0.892060 0.423671 0.211286 0.385417
0 0.182907 0.382543 0.317257 0.301006
0 0.557743 0.697917 0.353018 0.130747
1 0.557743 0.274784 0.158136 0.087644
1 0.855479 0.056034 0.159121 0.087644
1 0.184875 0.058728 0.161089 0.086566
1 0.184383 0.696300 0.158136 0.083693
2 0.250820 0.863865 0.187336 0.114224
2 0.067257 0.835668 0.133858 0.064296
3 0.365322 0.697378 0.033793 0.028376
4 0.185696 0.543103 0.047244 0.026580
3 0.776903 0.272629 0.026903 0.030891
3 0.354659 0.272629 0.030184 0.030891
3 0.854003 0.220905 0.030840 0.022270
3 0.185696 0.219289 0.024278 0.019037
4 0.381234 0.057112 0.028871 0.022270
4 0.620407 0.056753 0.028871 0.031609
