0 0.812035 0.301143 0.375929 0.181709
0 0.159619 0.318893 0.298792 0.255716
0 0.310409 0.692238 0.308550 0.258724
0 0.597584 0.944645 0.242565 0.110710
1 0.421933 0.134176 0.232342 0.070999
1 0.420771 0.482852 0.227230 0.080626
1 0.187035 0.933965 0.243959 0.091155
4 0.037407 0.212545 0.058086 0.025572
3 0.595957 0.265193 0.062732 0.040614
3 0.340381 0.239471 0.059944 0.030084
3 0.488151 0.583183 0.059944 0.036402
3 0.135455 0.620337 0.058086 0.024669
4 0.458178 0.944194 0.039963 0.027978
2 0.442612 0.024819 0.190985 0.049037
