0 0.087556 0.327613 0.174367 0.191888
0 0.752981 0.898791 0.286885 0.202418
0 0.462183 0.494150 0.236587 0.273791
0 0.448025 0.157176 0.178465 0.095944
0 0.932750 0.264821 0.133010 0.188768
1 0.267325 0.179017 0.153130 0.075663
1 0.248510 0.447153 0.160209 0.079173
1 0.581222 0.726989 0.169151 0.078003
1 0.731930 0.391186 0.182191 0.095944
1 0.687221 0.165367 0.153130 0.084243
4 0.553279 0.159516 0.034277 0.032761
4 0.845753 0.220554 0.035022 0.037051
3 0.852273 0.294852 0.032414 0.033541
3 0.723361 0.785491 0.040611 0.024181
4 0.327496 0.503705 0.034277 0.023011
4 0.192064 0.371490 0.041356 0.028471
4 0.189642 0.327028 0.040238 0.030811
4 0.343145 0.147816 0.031297 0.026521
0 0.454545 0.109399 0.249627 0.214899
