0 0.170812 0.223059 0.228904 0.286846
0 0.855951 0.182448 0.238980 0.145404
1 0.501102 0.175515 0.164043 0.091125
2 0.379093 0.064184 0.091940 0.073693
2 0.500787 0.032092 0.088476 0.061014
2 0.644521 0.063590 0.095088 0.064580
0 0.863508 0.807845 0.228904 0.286846
5 0.171757 0.831220 0.342884 0.237718
1 0.507084 0.285261 0.160894 0.096672
1 0.749685 0.457211 0.157431 0.097464
1 0.916877 0.460777 0.158060 0.094295
1 0.170025 0.539422 0.157431 0.093106
1 0.521096 0.834192 0.153023 0.093106
2 0.328086 0.444334 0.091940 0.065372
2 0.352645 0.537837 0.091940 0.068542
2 0.354691 0.634311 0.090995 0.070523
2 0.416089 0.905309 0.092884 0.070523
2 0.519521 0.965927 0.091940 0.068146
2 0.629723 0.920166 0.094458 0.066165
2 0.609099 0.366086 0.090995 0.069731
2 0.580290 0.459786 0.091310 0.066165
2 0.631297 0.568938 0.092569 0.066561
3 0.987720 0.232369 0.024559 0.035261
3 0.728747 0.233756 0.022355 0.030111
3 0.728747 0.158875 0.023615 0.027734
3 0.726228 0.202853 0.027393 0.027734
3 0.805258 0.656696 0.037469 0.019414
3 0.353117 0.831418 0.028023 0.040808
3 0.170970 0.701862 0.033375 0.025753
4 0.173016 0.377377 0.027393 0.028130
4 0.919710 0.656696 0.019521 0.017036
4 0.292191 0.248217 0.015113 0.026545
4 0.292664 0.197306 0.019836 0.027734
4 0.738980 0.830230 0.022040 0.029715
