0 0.862233 0.116603 0.275534 0.195777
0 0.861280 0.786228 0.277439 0.311420
0 0.138720 0.212092 0.276677 0.421305
0 0.138338 0.902831 0.275915 0.194338
1 0.526296 0.106766 0.182927 0.119482
1 0.862805 0.404031 0.189024 0.118042
1 0.518102 0.424424 0.184070 0.123321
1 0.480945 0.554942 0.182165 0.117562
1 0.137957 0.650912 0.182165 0.121401
2 0.350419 0.652831 0.155107 0.081094
4 0.140434 0.436420 0.026296 0.025432
4 0.282965 0.383637 0.018674 0.024472
4 0.282774 0.208253 0.014482 0.036468
4 0.785633 0.624280 0.027820 0.027831
4 0.712843 0.107726 0.026296 0.033109
4 0.861471 0.223369 0.028582 0.023512
3 0.862424 0.620441 0.025152 0.026871
3 0.288681 0.100048 0.027820 0.033109
3 0.138148 0.791507 0.027058 0.032150
