0 0.235630 0.144338 0.225896 0.276300
0 0.802379 0.146040 0.225896 0.125619
5 0.545117 0.800124 0.297281 0.324257
5 0.147713 0.874226 0.294808 0.244121
6 0.257880 0.616027 0.149258 0.073639
6 0.916564 0.626083 0.151422 0.083230
6 0.470025 0.366801 0.142769 0.074567
1 0.544499 0.045792 0.147095 0.072401
2 0.545117 0.182240 0.126700 0.051361
4 0.359085 0.175897 0.027812 0.034344
3 0.362794 0.100712 0.032756 0.024443
3 0.115729 0.174196 0.020087 0.030941
4 0.310723 0.863088 0.028739 0.030012
3 0.705037 0.882116 0.028739 0.027847
3 0.707664 0.801671 0.029666 0.041460
4 0.934487 0.143410 0.038319 0.028775
4 0.672435 0.113397 0.038319 0.028775
