0 0.751604 0.250462 0.200275 0.497227
0 0.310839 0.214880 0.165215 0.274492
0 0.514322 0.730823 0.202796 0.395102
0 0.917392 0.787200 0.165215 0.171442
0 0.101512 0.758780 0.202566 0.219963
6 0.302475 0.730823 0.111824 0.110444
1 0.303162 0.507856 0.110449 0.118299
1 0.752979 0.619224 0.111366 0.115527
1 0.724679 0.785120 0.109762 0.115527
2 0.266384 0.971811 0.077681 0.056377
2 0.349335 0.971811 0.073556 0.056377
3 0.209785 0.731516 0.018103 0.037893
4 0.404560 0.728743 0.016728 0.035120
4 0.404904 0.647181 0.018790 0.035582
4 0.404560 0.328327 0.022227 0.042052
3 0.625687 0.644640 0.022227 0.037893
3 0.625000 0.734288 0.024977 0.035120
3 0.827452 0.784427 0.017415 0.032810
4 0.862855 0.111137 0.020852 0.042052
