5 0.308859 0.136918 0.239001 0.273269
0 0.892539 0.361237 0.214923 0.114642
0 0.427765 0.528235 0.214625 0.122872
0 0.130945 0.527242 0.213734 0.123156
0 0.416171 0.943530 0.215815 0.112372
1 0.680886 0.169977 0.144174 0.066402
1 0.618163 0.387486 0.146552 0.070658
1 0.275119 0.752128 0.142985 0.068388
6 0.418847 0.351873 0.144471 0.070375
6 0.095719 0.294552 0.147444 0.069240
2 0.060642 0.750000 0.120690 0.049376
2 0.510256 0.748014 0.119798 0.047106
4 0.093490 0.456300 0.041914 0.018729
4 0.183859 0.456725 0.032996 0.017877
4 0.252081 0.579881 0.028537 0.026390
4 0.307669 0.580874 0.027348 0.028377
4 0.775565 0.336975 0.023187 0.024120
4 0.893876 0.299234 0.024376 0.017877
4 0.440250 0.068530 0.021998 0.022985
4 0.192628 0.062713 0.021998 0.019864
4 0.549346 0.517310 0.024376 0.023269
4 0.417806 0.453178 0.025268 0.023269
3 0.295630 0.935159 0.027646 0.032633
3 0.258621 0.268161 0.030916 0.018729
