0 0.438983 0.055325 0.271186 0.106873
0 0.847034 0.495468 0.305085 0.259819
0 0.151059 0.483006 0.300424 0.135952
0 0.481992 0.909366 0.267373 0.179003
1 0.636441 0.225264 0.135593 0.116692
1 0.659958 0.697319 0.139407 0.124245
1 0.324788 0.698829 0.134322 0.122734
1 0.502754 0.480740 0.134322 0.120846
2 0.821610 0.111782 0.172034 0.062689
2 0.842373 0.256042 0.172034 0.065710
3 0.596398 0.060612 0.043644 0.029079
3 0.665042 0.417863 0.052119 0.033610
3 0.672246 0.482628 0.047034 0.020393
3 0.643008 0.897470 0.052119 0.026057
3 0.319280 0.906156 0.058051 0.036631
4 0.670339 0.534366 0.048305 0.024924
4 0.330720 0.527946 0.047034 0.024924
4 0.326483 0.484139 0.048729 0.027946
