0 0.509848 0.073864 0.373232 0.146104
0 0.818182 0.580763 0.362626 0.388799
0 0.183081 0.483969 0.360101 0.191153
0 0.181818 0.924513 0.362626 0.145292
1 0.184091 0.206372 0.158081 0.062906
1 0.816414 0.201907 0.170202 0.065341
1 0.489899 0.556615 0.155556 0.075893
1 0.182323 0.758929 0.151515 0.074675
2 0.465404 0.757914 0.167172 0.055601
4 0.303283 0.076907 0.053030 0.028815
3 0.719949 0.073458 0.048990 0.040584
3 0.816919 0.371753 0.057071 0.030844
3 0.186364 0.368506 0.058586 0.033279
3 0.617677 0.554383 0.038384 0.047890
3 0.380808 0.555398 0.038384 0.041802
3 0.182828 0.835227 0.062626 0.033279
4 0.612879 0.702922 0.042929 0.037338
