0 0.880270 0.079646 0.236825 0.158407
0 0.813570 0.505088 0.237154 0.357080
0 0.180007 0.196460 0.331028 0.386726
0 0.180995 0.883628 0.237484 0.231858
1 0.556983 0.052655 0.144269 0.094690
1 0.188900 0.574115 0.159091 0.103097
1 0.705698 0.848451 0.162385 0.112832
1 0.548913 0.326549 0.163702 0.115929
2 0.557148 0.196239 0.097167 0.068584
3 0.745389 0.078540 0.029644 0.030531
3 0.361989 0.078761 0.032938 0.038053
3 0.679842 0.402876 0.028986 0.030531
3 0.362319 0.188053 0.033597 0.032743
3 0.363472 0.240265 0.039196 0.033628
3 0.315876 0.847566 0.033597 0.051770
3 0.048913 0.871018 0.027997 0.035841
3 0.944664 0.582965 0.025033 0.028761
