0 0.111607 0.090629 0.222599 0.180696
0 0.702432 0.090348 0.225062 0.179012
0 0.333590 0.493406 0.223830 0.268519
0 0.729064 0.493967 0.221675 0.269641
0 0.665794 0.907828 0.270012 0.180415
1 0.420567 0.078563 0.142241 0.066779
1 0.493996 0.258137 0.163485 0.067901
1 0.758621 0.269501 0.166872 0.070988
1 0.924415 0.483165 0.145628 0.071268
1 0.723060 0.695286 0.148091 0.070146
1 0.457974 0.728114 0.150554 0.066779
3 0.247691 0.050926 0.056958 0.033389
4 0.571583 0.053591 0.036638 0.028058
4 0.832050 0.023990 0.039101 0.015993
4 0.771706 0.181538 0.039101 0.022447
4 0.578202 0.176627 0.047414 0.019360
3 0.197968 0.369388 0.044951 0.022727
4 0.203972 0.616021 0.042796 0.021605
4 0.598830 0.605079 0.038793 0.034512
3 0.595751 0.382856 0.047414 0.021605
3 0.810807 0.819304 0.036638 0.026936
3 0.508313 0.985550 0.047414 0.024972
4 0.824353 0.987093 0.049569 0.025814
