5 0.926272 0.500000 0.137072 0.417391
5 0.064382 0.391304 0.126687 0.460870
0 0.348390 0.450000 0.117342 0.273913
0 0.657321 0.221739 0.116303 0.417391
0 0.657321 0.752174 0.118380 0.443478
6 0.206127 0.428261 0.079958 0.178261
6 0.348390 0.782609 0.077882 0.182609
6 0.348390 0.184783 0.079958 0.169565
6 0.787643 0.484783 0.077882 0.169565
0 0.505192 0.458696 0.079958 0.160870
2 0.787124 0.236957 0.068536 0.126087
2 0.786604 0.723913 0.067497 0.117391
3 0.850467 0.493478 0.016615 0.073913
4 0.724818 0.256522 0.018692 0.078261
4 0.725337 0.754348 0.017653 0.065217
4 0.591900 0.200000 0.016615 0.060870
4 0.591900 0.071739 0.016615 0.056522
4 0.591381 0.734783 0.015576 0.078261
4 0.590343 0.900000 0.019730 0.060870
3 0.136552 0.571739 0.021807 0.065217
4 0.136033 0.415217 0.018692 0.047826
4 0.137591 0.269565 0.019730 0.060870
4 0.414330 0.450000 0.018692 0.056522
4 0.279855 0.473913 0.021807 0.043478
