5 0.937632 0.235942 0.124735 0.443995
0 0.605458 0.251687 0.110523 0.502474
0 0.345328 0.147099 0.105836 0.286100
0 0.347747 0.754161 0.109162 0.327036
0 0.054959 0.253261 0.106592 0.494827
6 0.786891 0.232794 0.072120 0.114710
1 0.478606 0.071300 0.074236 0.106613
1 0.477623 0.268781 0.074992 0.116509
1 0.508164 0.682636 0.075597 0.110211
1 0.163592 0.683761 0.070759 0.107962
1 0.181811 0.273729 0.071515 0.110211
1 0.181131 0.072425 0.072876 0.112461
2 0.168733 0.558030 0.063199 0.077823
2 0.163592 0.862798 0.061083 0.081871
2 0.483520 0.558030 0.060478 0.073324
2 0.550499 0.792173 0.061083 0.080072
4 0.117856 0.506973 0.020714 0.044984
3 0.284472 0.692982 0.018597 0.057130
3 0.117554 0.137877 0.021318 0.039136
3 0.118914 0.074449 0.021318 0.050832
4 0.281448 0.081646 0.019202 0.032839
4 0.278651 0.244040 0.024796 0.055331
4 0.407545 0.243140 0.018597 0.040936
4 0.406562 0.083671 0.015119 0.044984
3 0.541881 0.079397 0.020562 0.049033
3 0.541956 0.136977 0.016480 0.049033
4 0.539840 0.354476 0.019202 0.038686
3 0.410266 0.692982 0.015875 0.032839
4 0.669035 0.080522 0.020562 0.038686
4 0.866269 0.107063 0.017992 0.043185
