0 0.872890 0.327549 0.254219 0.651844
0 0.169480 0.269252 0.253868 0.195770
5 0.239803 0.748644 0.284107 0.241323
1 0.506681 0.152115 0.168073 0.135033
1 0.506681 0.370119 0.170886 0.135033
6 0.590717 0.761659 0.201125 0.176247
2 0.816807 0.845174 0.140647 0.090564
2 0.662799 0.954718 0.141350 0.090564
3 0.394339 0.719902 0.026371 0.030911
4 0.728551 0.556941 0.035865 0.041215
3 0.728903 0.358189 0.039381 0.041757
3 0.310478 0.339751 0.030942 0.034165
4 0.312588 0.223698 0.035162 0.031996
3 0.727672 0.165944 0.040436 0.052061
