0 0.596995 0.290433 0.224044 0.141230
0 0.698770 0.641800 0.200820 0.242597
0 0.136612 0.585421 0.202186 0.202733
5 0.142760 0.879841 0.219945 0.183371
1 0.315574 0.388952 0.125683 0.055809
1 0.901639 0.400911 0.131148 0.061503
1 0.391393 0.569476 0.143443 0.063781
1 0.422814 0.659453 0.132514 0.059226
2 0.374317 0.465262 0.117486 0.039863
2 0.510246 0.464692 0.110656 0.038724
2 0.498634 0.734624 0.112022 0.036446
2 0.363388 0.737472 0.112022 0.037585
2 0.363388 0.905467 0.112022 0.036446
4 0.730874 0.242597 0.043716 0.029613
3 0.395492 0.390661 0.031421 0.013667
4 0.278005 0.402620 0.025956 0.010251
4 0.254781 0.513667 0.028689 0.020501
3 0.849727 0.383827 0.032787 0.015945
4 0.855874 0.415148 0.031421 0.017084
4 0.815574 0.640661 0.035519 0.023918
4 0.579235 0.536446 0.032787 0.025057
3 0.334699 0.557517 0.030055 0.021640
4 0.252732 0.596811 0.030055 0.020501
3 0.252732 0.666287 0.032787 0.027335
4 0.253415 0.874715 0.031421 0.022779
3 0.344945 0.659453 0.023224 0.027335
3 0.503415 0.660023 0.034153 0.014806
