0 0.887500 0.516934 0.216667 0.323529
0 0.500149 0.365419 0.251488 0.373440
0 0.150149 0.160651 0.188988 0.286542
1 0.500595 0.713681 0.092262 0.135918
1 0.143155 0.445633 0.092857 0.139037
2 0.054613 0.614305 0.105655 0.087790
2 0.176488 0.648396 0.138095 0.090018
2 0.256101 0.803253 0.146131 0.109180
2 0.387649 0.889706 0.121131 0.110071
2 0.494196 0.944519 0.097917 0.109180
2 0.595536 0.908868 0.096429 0.110071
2 0.709970 0.891934 0.097321 0.108289
3 0.149256 0.315062 0.053869 0.032977
3 0.345387 0.441622 0.063988 0.094474
3 0.645536 0.309492 0.044643 0.114528
3 0.501637 0.574643 0.064583 0.051248
3 0.755357 0.573975 0.047619 0.123886
4 0.760565 0.438280 0.039583 0.070856
