0 0.526627 0.102151 0.239974 0.203669
0 0.881986 0.430266 0.236029 0.264706
0 0.210059 0.450190 0.235371 0.241303
0 0.803912 0.890259 0.237673 0.164453
6 0.200197 0.200980 0.189349 0.090765
1 0.789119 0.196237 0.162064 0.076850
1 0.817061 0.709519 0.163379 0.083175
1 0.537147 0.416034 0.190664 0.086338
1 0.553583 0.883934 0.164366 0.082226
1 0.145957 0.721695 0.166338 0.077799
2 0.067061 0.114485 0.131492 0.055028
2 0.133794 0.036528 0.138067 0.052815
2 0.276463 0.064832 0.131492 0.050601
2 0.125740 0.828115 0.150230 0.067362
2 0.447896 0.524510 0.110782 0.040164
2 0.612755 0.524035 0.109796 0.043011
2 0.882972 0.102309 0.141354 0.055977
3 0.252794 0.183428 0.027613 0.028463
3 0.207758 0.240987 0.042735 0.027198
4 0.201183 0.569418 0.036160 0.018027
4 0.282873 0.568786 0.035174 0.027514
4 0.152531 0.683744 0.037475 0.020873
4 0.199211 0.739089 0.036160 0.024035
4 0.480605 0.896584 0.036160 0.031626
4 0.623603 0.897849 0.026298 0.018975
4 0.807199 0.565623 0.047009 0.023087
4 0.891190 0.565623 0.039448 0.029412
4 0.904339 0.709677 0.039448 0.022138
4 0.809500 0.744940 0.040434 0.027514
4 0.750164 0.810247 0.042735 0.029728
4 0.672419 0.939437 0.020710 0.024352
4 0.871959 0.295857 0.027285 0.023087
4 0.834648 0.214738 0.024984 0.025300
3 0.616700 0.423308 0.029586 0.029412
3 0.453320 0.418090 0.034188 0.018975
