0 0.864794 0.281302 0.159789 0.155259
0 0.369183 0.207012 0.158911 0.207012
0 0.519315 0.742070 0.158911 0.305509
0 0.176032 0.662771 0.155399 0.150250
1 0.615891 0.280467 0.107989 0.103506
1 0.159789 0.179466 0.103600 0.098497
1 0.220808 0.425710 0.104478 0.100167
6 0.351624 0.666110 0.106234 0.110184
2 0.555312 0.173623 0.090430 0.070117
2 0.697542 0.158598 0.086918 0.066778
3 0.773047 0.282972 0.021949 0.028381
3 0.460492 0.284641 0.020193 0.038397
3 0.495171 0.575125 0.022827 0.028381
3 0.280948 0.181135 0.015803 0.038397
3 0.431958 0.663606 0.017559 0.025042
4 0.283143 0.281302 0.018437 0.028381
4 0.264267 0.666945 0.014047 0.035058
4 0.089552 0.666110 0.015803 0.030050
