0 0.697900 0.813967 0.127625 0.226526
0 0.572698 0.431338 0.138934 0.221831
0 0.382472 0.318075 0.141357 0.244131
0 0.075525 0.336268 0.131664 0.350939
0 0.192246 0.882629 0.138934 0.218310
1 0.822698 0.555164 0.125202 0.084507
1 0.513732 0.658451 0.121163 0.086854
1 0.392973 0.541667 0.118740 0.090376
1 0.332795 0.657277 0.119548 0.089202
1 0.116721 0.644366 0.120355 0.091549
1 0.483037 0.920188 0.117932 0.086854
1 0.221325 0.061620 0.121163 0.090376
2 0.794023 0.337441 0.101777 0.059859
2 0.943053 0.382629 0.104200 0.063380
2 0.724152 0.453052 0.102585 0.061033
3 0.660743 0.369718 0.033926 0.042254
3 0.779887 0.749413 0.029887 0.038732
3 0.615105 0.746479 0.029887 0.028169
3 0.616721 0.795775 0.031502 0.025822
3 0.150242 0.511150 0.027464 0.026995
3 0.298061 0.242371 0.030695 0.031690
3 0.487076 0.370305 0.024233 0.029343
3 0.154685 0.230047 0.029887 0.032864
3 0.021002 0.160211 0.030695 0.026995
3 0.460824 0.308099 0.021809 0.029343
4 0.302100 0.197770 0.022617 0.024648
4 0.275444 0.821596 0.027464 0.037559
4 0.260097 0.863263 0.017771 0.026995
4 0.110662 0.822183 0.022617 0.031690
