0 0.910901 0.632765 0.174004 0.196711
0 0.808001 0.274970 0.174004 0.155907
0 0.472048 0.170828 0.175402 0.338611
0 0.513802 0.591352 0.174004 0.230816
0 0.451607 0.919762 0.174703 0.159257
0 0.093466 0.140378 0.174703 0.158343
0 0.088050 0.560901 0.173305 0.120585
0 0.088050 0.754568 0.174703 0.121803
1 0.664920 0.075365 0.083857 0.077040
1 0.629018 0.242844 0.084731 0.075213
1 0.721785 0.609927 0.083333 0.073691
1 0.620632 0.829476 0.084032 0.074909
1 0.278215 0.074300 0.086129 0.077345
1 0.258735 0.525579 0.085954 0.078563
1 0.245370 0.779233 0.081936 0.074909
4 0.189203 0.107491 0.015374 0.026797
3 0.370982 0.054354 0.022886 0.023447
3 0.567173 0.056638 0.016247 0.028015
4 0.568484 0.091809 0.018868 0.025883
4 0.711041 0.251066 0.017470 0.025883
4 0.610500 0.522077 0.022187 0.019793
4 0.610500 0.539129 0.024983 0.016139
3 0.814378 0.625152 0.022886 0.029233
3 0.813767 0.666108 0.020266 0.024665
4 0.548305 0.896315 0.021488 0.023447
3 0.415356 0.574300 0.022886 0.021315
3 0.416317 0.681334 0.020964 0.022229
4 0.183089 0.562576 0.016771 0.032582
4 0.182739 0.739342 0.017470 0.028015
