0 0.804426 0.162281 0.300837 0.138327
0 0.277512 0.243084 0.300837 0.293185
5 0.728768 0.833839 0.334330 0.323549
5 0.229217 0.758097 0.313098 0.247638
6 0.555024 0.485999 0.145933 0.085358
6 0.914773 0.458165 0.147727 0.086370
6 0.072967 0.474528 0.145335 0.083333
1 0.550239 0.144399 0.104665 0.097841
2 0.578349 0.257760 0.121411 0.054656
3 0.114384 0.167679 0.029007 0.026316
4 0.057865 0.706478 0.026017 0.026316
4 0.437201 0.167004 0.028110 0.020918
3 0.442733 0.125000 0.037380 0.027328
4 0.642793 0.169703 0.022428 0.018219
3 0.548894 0.752699 0.027213 0.026316
3 0.908642 0.755398 0.027213 0.029690
4 0.966208 0.167510 0.026316 0.030702
