0 0.771808 0.121765 0.227560 0.242606
0 0.772282 0.693392 0.228508 0.574399
0 0.114570 0.749307 0.227876 0.501386
0 0.114728 0.240065 0.228824 0.443161
1 0.431416 0.156654 0.151707 0.114603
1 0.405499 0.296904 0.151707 0.111368
1 0.924463 0.349815 0.151075 0.114603
1 0.418458 0.462107 0.104298 0.162662
1 0.456068 0.609750 0.146650 0.104898
1 0.469027 0.750000 0.147914 0.109982
4 0.241466 0.160120 0.025917 0.027264
4 0.647598 0.085259 0.020860 0.026340
4 0.648388 0.112985 0.018015 0.029113
4 0.238938 0.212569 0.025284 0.023105
4 0.647598 0.487523 0.020860 0.022181
4 0.243047 0.640018 0.026549 0.031423
4 0.238464 0.694316 0.017383 0.026340
4 0.237674 0.749076 0.021492 0.030499
4 0.648704 0.509473 0.017383 0.019871
4 0.648546 0.530037 0.015803 0.023105
4 0.893647 0.087338 0.018647 0.032348
4 0.893963 0.934150 0.019279 0.035582
