0 0.499533 0.056066 0.098973 0.110907
0 0.887838 0.191176 0.114146 0.185049
0 0.107843 0.189645 0.103175 0.181985
5 0.500233 0.520221 0.185808 0.259804
5 0.491013 0.906403 0.193044 0.184743
1 0.299370 0.099877 0.109477 0.075980
1 0.700280 0.100337 0.114379 0.075061
1 0.499883 0.232996 0.116013 0.078125
1 0.299486 0.343903 0.114379 0.080576
1 0.699113 0.344363 0.113445 0.077206
1 0.775910 0.638174 0.111111 0.077206
1 0.235061 0.637561 0.112512 0.071691
2 0.051237 0.636949 0.102007 0.053922
2 0.947596 0.637102 0.104809 0.051777
3 0.172736 0.172335 0.029879 0.028493
4 0.438609 0.071232 0.028945 0.016850
4 0.561041 0.073529 0.024043 0.023284
3 0.816293 0.170037 0.028945 0.026348
4 0.816643 0.245098 0.029645 0.026348
4 0.497082 0.115196 0.021709 0.015931
3 0.501050 0.387102 0.029645 0.021140
3 0.605275 0.521906 0.028945 0.024203
4 0.394725 0.519148 0.023343 0.021140
4 0.367063 0.344516 0.020775 0.018076
4 0.171452 0.245711 0.025910 0.023284
4 0.881769 0.282016 0.029645 0.018076
3 0.600490 0.907475 0.027311 0.022059
3 0.377101 0.905944 0.029645 0.018995
