0 0.486474 0.047867 0.224192 0.094173
0 0.827736 0.359521 0.251244 0.177940
0 0.472015 0.916623 0.247512 0.164672
0 0.125000 0.349246 0.247512 0.176639
0 0.325093 0.501431 0.222948 0.097555
1 0.273787 0.136186 0.148943 0.060614
1 0.671642 0.124870 0.149254 0.061915
1 0.323228 0.363293 0.148943 0.061655
1 0.610230 0.364984 0.147699 0.065036
1 0.873134 0.520031 0.152985 0.065036
1 0.623134 0.655957 0.152985 0.061655
1 0.311567 0.729188 0.156716 0.067118
1 0.125622 0.779527 0.155473 0.061655
2 0.610075 0.437435 0.088308 0.032518
2 0.391791 0.308533 0.087065 0.030177
4 0.359453 0.046306 0.029851 0.028096
4 0.613340 0.046306 0.032649 0.028096
3 0.826493 0.259886 0.031095 0.026015
4 0.965174 0.315557 0.028607 0.024974
3 0.689677 0.313345 0.029851 0.031478
3 0.382774 0.442378 0.029851 0.020552
3 0.325715 0.441857 0.029540 0.019511
3 0.262904 0.305931 0.023321 0.018210
3 0.126088 0.250650 0.022077 0.020552
4 0.062655 0.445760 0.027052 0.018470
4 0.125000 0.444589 0.029851 0.020812
4 0.410448 0.820630 0.031095 0.020552
4 0.337376 0.910770 0.021766 0.024974
3 0.536847 0.821800 0.037624 0.022893
4 0.609453 0.911160 0.019279 0.032518
4 0.480566 0.102627 0.023321 0.021592
