0 0.442326 0.096741 0.178065 0.163979
0 0.566026 0.542196 0.177119 0.289194
0 0.873306 0.772727 0.204853 0.167067
0 0.496533 0.882161 0.176174 0.165009
0 0.107469 0.654717 0.176489 0.165009
1 0.203435 0.342710 0.149701 0.083705
1 0.875355 0.554545 0.149701 0.082676
3 0.548692 0.119211 0.040340 0.037393
4 0.549165 0.392110 0.051371 0.028130
3 0.669871 0.541681 0.032461 0.028816
4 0.887173 0.686964 0.031516 0.019554
4 0.761897 0.831732 0.027419 0.025729
3 0.595020 0.893310 0.040340 0.030875
4 0.394107 0.881132 0.024898 0.025729
4 0.209896 0.672384 0.028364 0.026758
4 0.120864 0.569125 0.037504 0.032247
4 0.465017 0.538593 0.026789 0.026758
