0 0.335504 0.067064 0.152521 0.133383
0 0.923424 0.467958 0.153151 0.223547
0 0.223739 0.581967 0.151261 0.360656
0 0.403046 0.923808 0.153151 0.152385
1 0.562290 0.334948 0.100210 0.092399
1 0.671008 0.914307 0.100840 0.092399
1 0.050420 0.884873 0.100420 0.093890
1 0.261029 0.314642 0.102311 0.087556
2 0.134349 0.298994 0.083403 0.061475
3 0.423634 0.067623 0.026261 0.033905
3 0.313866 0.467772 0.031933 0.036140
3 0.132983 0.480999 0.026471 0.035768
3 0.311765 0.513972 0.026471 0.030179
3 0.834349 0.423435 0.022479 0.028689
3 0.834349 0.503353 0.023739 0.025335
4 0.315861 0.915425 0.022479 0.027571
4 0.487395 0.917846 0.015546 0.030179
