5 0.866490 0.395291 0.211760 0.366545
5 0.370137 0.422347 0.160256 0.270812
0 0.406941 0.103668 0.125111 0.106400
0 0.079023 0.082466 0.104996 0.105099
0 0.650088 0.914412 0.114058 0.106139
1 0.238837 0.077653 0.107648 0.067378
1 0.680924 0.651145 0.107648 0.062955
1 0.530393 0.765479 0.104996 0.061655
6 0.575044 0.144381 0.105880 0.061915
6 0.212644 0.214750 0.108753 0.068418
2 0.619695 0.598465 0.057250 0.048647
2 0.477454 0.838580 0.054377 0.043444
3 0.746353 0.304761 0.024978 0.029396
3 0.746353 0.486342 0.026746 0.023673
3 0.719607 0.910770 0.024978 0.024974
3 0.580570 0.911290 0.026746 0.023933
3 0.462202 0.490114 0.025641 0.029136
3 0.277078 0.353538 0.027630 0.022893
3 0.143457 0.075572 0.022104 0.021592
3 0.337865 0.076093 0.018347 0.018470
4 0.335986 0.100416 0.020336 0.023933
4 0.478780 0.097164 0.022104 0.021592
