0 0.899848 0.169437 0.160303 0.232737
0 0.909697 0.627238 0.178182 0.230179
0 0.436970 0.370524 0.155758 0.225703
0 0.436364 0.766944 0.193333 0.302430
0 0.079394 0.805627 0.158182 0.388747
1 0.644091 0.232097 0.095455 0.150895
1 0.668333 0.436061 0.143939 0.157289
1 0.666970 0.625959 0.146667 0.153453
1 0.249848 0.734974 0.082727 0.145141
2 0.630606 0.042839 0.071515 0.076726
2 0.254091 0.476662 0.099697 0.082481
2 0.157727 0.512148 0.099697 0.076726
2 0.641970 0.919118 0.122727 0.104220
2 0.805909 0.934463 0.160909 0.131074
4 0.339242 0.451087 0.034242 0.033887
4 0.171364 0.734974 0.028182 0.054348
4 0.327273 0.732417 0.024848 0.045396
4 0.506212 0.487212 0.027576 0.038363
3 0.806667 0.626279 0.027879 0.058184
3 0.525455 0.370524 0.017576 0.044118
3 0.525303 0.445972 0.020909 0.046675
4 0.810758 0.246483 0.022121 0.045396
3 0.807121 0.169118 0.026970 0.044118
