5 0.158807 0.091894 0.316921 0.176720
0 0.158634 0.495170 0.291609 0.201461
0 0.853155 0.682611 0.293689 0.254948
0 0.214632 0.919533 0.289875 0.160933
6 0.144417 0.278864 0.152913 0.104854
1 0.132802 0.702992 0.132455 0.087889
1 0.468447 0.589420 0.132455 0.087889
1 0.465153 0.703464 0.148058 0.093073
1 0.685853 0.929548 0.119972 0.086711
2 0.347087 0.279336 0.138696 0.037465
3 0.144417 0.179194 0.055132 0.021442
3 0.142164 0.594251 0.050624 0.018379
3 0.849688 0.812205 0.066227 0.019321
4 0.381068 0.910697 0.045770 0.019321
4 0.087725 0.901037 0.036061 0.019321
4 0.691401 0.598963 0.029820 0.019321
4 0.688974 0.711004 0.040915 0.026626
3 0.154820 0.396089 0.053745 0.020264
3 0.323509 0.497879 0.034674 0.026861
3 0.322642 0.566918 0.042649 0.030160
