0 0.792872 0.149263 0.129153 0.259214
0 0.750268 0.707310 0.127546 0.111179
0 0.412111 0.259828 0.158628 0.332924
0 0.418006 0.758600 0.152197 0.441032
1 0.568328 0.464373 0.131297 0.076167
1 0.601018 0.121007 0.132369 0.076167
1 0.075295 0.057432 0.127010 0.074324
1 0.128885 0.501843 0.127010 0.072482
2 0.096999 0.734951 0.110397 0.049754
2 0.225348 0.746007 0.110932 0.050983
3 0.719453 0.048219 0.023044 0.027641
3 0.503751 0.298526 0.026795 0.028256
3 0.717310 0.243550 0.025188 0.020270
4 0.717846 0.150184 0.021972 0.017813
4 0.501608 0.222052 0.020364 0.017813
3 0.674437 0.680283 0.026259 0.021499
4 0.827170 0.680283 0.023044 0.025184
3 0.505895 0.678440 0.021436 0.026413
4 0.330654 0.700246 0.025723 0.023342
4 0.319668 0.406020 0.024116 0.023342
3 0.103966 0.284705 0.028939 0.023956
4 0.330654 0.934582 0.025723 0.027641
