0 0.104470 0.129338 0.188669 0.219631
0 0.405925 0.294197 0.189189 0.540672
0 0.893841 0.295011 0.187890 0.478308
0 0.633576 0.868492 0.187110 0.218547
1 0.103170 0.446312 0.083160 0.172451
1 0.634875 0.122289 0.082121 0.175163
1 0.633966 0.378254 0.083940 0.183839
1 0.893711 0.827278 0.085239 0.175163
1 0.405925 0.825380 0.085239 0.173536
2 0.105509 0.652928 0.105509 0.093275
3 0.104730 0.253796 0.018711 0.029284
3 0.301065 0.444143 0.022089 0.040130
3 0.406705 0.585412 0.021310 0.047180
3 0.510005 0.381779 0.022609 0.043384
3 0.509615 0.119577 0.021830 0.047180
4 0.787162 0.381779 0.025468 0.045553
4 0.793139 0.120933 0.014553 0.039046
4 0.738176 0.827278 0.020530 0.041757
4 0.532614 0.828905 0.020010 0.027657
3 0.895140 0.554772 0.022609 0.044469
