5 0.871662 0.452586 0.254953 0.625479
5 0.122739 0.496648 0.244186 0.989464
0 0.501615 0.128352 0.217270 0.234674
0 0.512059 0.875958 0.215332 0.248084
2 0.288652 0.544301 0.071275 0.046456
2 0.380491 0.534722 0.083979 0.065613
6 0.324182 0.075192 0.090224 0.098659
2 0.287252 0.826628 0.072782 0.039272
2 0.377692 0.817768 0.078811 0.059866
2 0.643626 0.675287 0.070629 0.047893
2 0.734065 0.670977 0.076658 0.063218
1 0.327304 0.652299 0.088286 0.088123
1 0.680879 0.785441 0.088717 0.085249
1 0.324612 0.933429 0.089363 0.085249
6 0.319552 0.173372 0.087425 0.103448
6 0.325258 0.304837 0.086779 0.094349
6 0.686908 0.148707 0.086133 0.102011
6 0.674526 0.254071 0.085487 0.094349
4 0.383398 0.070163 0.017442 0.043582
4 0.384475 0.117098 0.019595 0.038793
4 0.383183 0.192768 0.023471 0.049330
3 0.257967 0.152299 0.022394 0.043103
3 0.256891 0.224138 0.021533 0.037356
3 0.255276 0.378352 0.024763 0.049808
4 0.620047 0.092433 0.023471 0.037356
4 0.618648 0.138889 0.020672 0.043103
3 0.736434 0.352730 0.024978 0.046456
3 0.736326 0.203305 0.022179 0.040709
4 0.734711 0.561782 0.017657 0.029693
3 0.629737 0.949473 0.020026 0.033046
4 0.253984 0.596025 0.019595 0.041667
3 0.394918 0.760057 0.022825 0.037356
4 0.253230 0.906609 0.016796 0.043103
3 0.393949 0.973180 0.020887 0.029693
