0 0.937221 0.305142 0.125558 0.135618
0 0.544938 0.307004 0.215656 0.181818
0 0.588426 0.560358 0.250000 0.133383
0 0.085749 0.245902 0.168822 0.491058
0 0.085749 0.751863 0.167484 0.491058
1 0.317797 0.164121 0.078947 0.060730
1 0.298952 0.524776 0.080508 0.062221
1 0.767618 0.329918 0.089206 0.119598
2 0.767953 0.208644 0.080508 0.057377
4 0.428301 0.246461 0.020294 0.033905
4 0.182984 0.066319 0.024309 0.026080
4 0.429304 0.283718 0.016949 0.027198
4 0.183988 0.571721 0.026316 0.027198
3 0.661909 0.261736 0.022302 0.030179
3 0.721900 0.559426 0.018287 0.038376
4 0.865968 0.307563 0.018287 0.031669
