5 0.873336 0.235169 0.253329 0.362053
5 0.120340 0.838512 0.240013 0.321092
0 0.473868 0.517655 0.134154 0.170904
1 0.293941 0.394539 0.161119 0.111111
6 0.121172 0.512241 0.188415 0.154426
6 0.613182 0.359228 0.188415 0.149718
6 0.520639 0.152307 0.188415 0.154896
0 0.240180 0.171375 0.214048 0.227872
2 0.425932 0.030132 0.069574 0.059322
2 0.619840 0.030132 0.082557 0.059322
3 0.120839 0.138183 0.027297 0.026836
4 0.125333 0.226695 0.019640 0.025895
3 0.121005 0.664783 0.025632 0.029190
4 0.396305 0.516714 0.018309 0.027778
4 0.548768 0.516714 0.015646 0.034369
4 0.355193 0.226695 0.017310 0.027778
3 0.736851 0.145716 0.019640 0.028719
3 0.736352 0.236111 0.020639 0.034369
