0 0.742240 0.205724 0.244265 0.410470
0 0.838731 0.851272 0.244939 0.297456
0 0.122470 0.149462 0.242915 0.297945
5 0.405533 0.537182 0.269231 0.337573
1 0.434042 0.156556 0.166329 0.120352
6 0.119771 0.433464 0.167341 0.117417
1 0.744096 0.588796 0.165655 0.116928
4 0.262483 0.039873 0.028340 0.033757
4 0.100034 0.293053 0.035425 0.038160
3 0.258097 0.428082 0.026991 0.038160
3 0.452092 0.366438 0.036437 0.029354
3 0.603408 0.195205 0.037449 0.038160
3 0.603914 0.054305 0.035088 0.039139
3 0.738192 0.412182 0.027665 0.027886
3 0.828779 0.703523 0.030027 0.040117
2 0.932524 0.530822 0.134953 0.077299
2 0.931343 0.625978 0.137314 0.082681
