5 0.777649 0.136177 0.299304 0.261923
0 0.195282 0.177347 0.352668 0.350224
0 0.847061 0.886177 0.281903 0.222429
0 0.231245 0.886177 0.278422 0.224665
1 0.487046 0.135618 0.182135 0.094635
1 0.847061 0.502422 0.186775 0.093517
1 0.233565 0.635991 0.185615 0.092399
1 0.548917 0.619598 0.189095 0.091654
2 0.076953 0.576379 0.149265 0.096870
2 0.079853 0.694672 0.156613 0.060730
3 0.196442 0.367176 0.040990 0.036140
3 0.386504 0.264158 0.034416 0.029806
3 0.385344 0.065946 0.029776 0.034277
3 0.616203 0.134128 0.025135 0.034277
3 0.771462 0.275708 0.048724 0.021610
3 0.234532 0.763785 0.029002 0.020119
4 0.848801 0.764344 0.035576 0.023472
4 0.695669 0.840909 0.023202 0.032042
