0 0.902478 0.156824 0.195043 0.210630
0 0.773976 0.571522 0.197198 0.407480
0 0.256061 0.893373 0.193696 0.212598
0 0.137527 0.571030 0.194774 0.378937
0 0.470232 0.138780 0.196390 0.276247
1 0.708917 0.165682 0.085938 0.065617
1 0.213497 0.275755 0.127963 0.080381
1 0.412581 0.649442 0.131196 0.078412
2 0.346983 0.512959 0.109375 0.057415
2 0.503772 0.525755 0.106681 0.050853
4 0.025862 0.405512 0.026940 0.020341
4 0.246094 0.455217 0.020744 0.018045
4 0.360048 0.138287 0.026131 0.031824
3 0.223060 0.589567 0.025323 0.024278
3 0.338227 0.825295 0.029364 0.023294
3 0.660156 0.542651 0.028825 0.027559
3 0.581492 0.072671 0.026131 0.029856
3 0.808324 0.117782 0.024515 0.032808
3 0.661503 0.420932 0.029364 0.027559
4 0.339036 0.537402 0.026131 0.019029
4 0.499461 0.550525 0.021552 0.022310
