0 0.652866 0.348026 0.159873 0.107632
0 0.723248 0.620395 0.158599 0.126053
0 0.391879 0.494868 0.157962 0.125000
0 0.372293 0.871579 0.158599 0.106316
5 0.697054 0.888026 0.172452 0.135000
1 0.507564 0.368816 0.060350 0.063421
1 0.672452 0.479605 0.057006 0.061316
1 0.809793 0.768421 0.076911 0.064737
1 0.956449 0.768947 0.078185 0.065789
1 0.544825 0.748158 0.060350 0.063684
1 0.373885 0.725789 0.057006 0.062632
1 0.173885 0.748816 0.077707 0.069211
2 0.451911 0.285000 0.064331 0.040526
2 0.596815 0.507500 0.063694 0.045000
6 0.531131 0.884737 0.066401 0.080000
2 0.496656 0.684605 0.066242 0.041842
2 0.286704 0.695526 0.061624 0.041579
3 0.392834 0.421974 0.014013 0.020789
3 0.566322 0.315132 0.014490 0.021842
3 0.622691 0.411053 0.011943 0.021053
3 0.683041 0.547500 0.011943 0.021842
3 0.637659 0.654474 0.013854 0.021053
3 0.809156 0.653947 0.017357 0.024211
3 0.785987 0.695526 0.014650 0.026316
3 0.458519 0.849079 0.012580 0.021842
3 0.605175 0.854605 0.013854 0.023947
3 0.674204 0.969211 0.015287 0.025263
3 0.373885 0.813026 0.014650 0.019737
3 0.390207 0.567368 0.019268 0.026316
3 0.304936 0.525526 0.014650 0.026316
4 0.458201 0.907237 0.011943 0.019737
4 0.789889 0.850658 0.013217 0.018684
4 0.788933 0.889605 0.012580 0.021842
