5 0.179628 0.198600 0.254655 0.308399
5 0.817634 0.197507 0.246440 0.306212
0 0.506161 0.738845 0.201260 0.113736
1 0.299425 0.556212 0.138280 0.054681
1 0.721796 0.555118 0.142388 0.054681
1 0.502738 0.195319 0.134173 0.050306
6 0.411008 0.372485 0.131435 0.054681
6 0.578724 0.373031 0.132804 0.051400
2 0.299425 0.490595 0.113636 0.034996
2 0.722481 0.490048 0.113636 0.038276
4 0.189896 0.353893 0.034228 0.015311
3 0.320646 0.277887 0.035597 0.025153
4 0.318593 0.192585 0.034228 0.022966
4 0.679354 0.195866 0.030120 0.020779
3 0.684146 0.272966 0.023275 0.021872
4 0.803943 0.349519 0.041073 0.015311
3 0.622536 0.743220 0.034228 0.019685
3 0.389786 0.736111 0.034228 0.018591
