0 0.521992 0.080305 0.209705 0.146365
0 0.896708 0.448674 0.206583 0.157171
0 0.147560 0.448183 0.206016 0.158153
0 0.521566 0.925344 0.206016 0.147348
5 0.523411 0.459357 0.229569 0.197692
6 0.521425 0.263384 0.137060 0.059676
1 0.727440 0.263384 0.137060 0.059676
1 0.713252 0.457760 0.130817 0.059921
1 0.727582 0.735388 0.134506 0.059676
1 0.319807 0.734774 0.135641 0.060904
1 0.319240 0.456164 0.134506 0.060658
1 0.319807 0.262402 0.135641 0.059676
4 0.482690 0.159381 0.034620 0.018173
4 0.525823 0.163065 0.027242 0.017191
4 0.575766 0.160486 0.035755 0.015963
2 0.058882 0.734283 0.117196 0.038310
2 0.931754 0.735879 0.116061 0.041503
3 0.889756 0.361739 0.041714 0.025540
3 0.158059 0.364317 0.049376 0.022348
4 0.400681 0.463163 0.020999 0.025540
3 0.638763 0.503070 0.028377 0.020383
3 0.786748 0.456655 0.020715 0.021365
3 0.891033 0.533644 0.029512 0.023576
3 0.154370 0.533030 0.034620 0.020383
3 0.512911 0.845899 0.038309 0.026768
3 0.556044 0.843197 0.033201 0.034136
3 0.253831 0.463654 0.033201 0.032908
3 0.524546 0.351547 0.044552 0.026768
