5 0.878645 0.389877 0.242710 0.216618
0 0.209447 0.073113 0.219623 0.145501
0 0.226914 0.481676 0.218712 0.334180
6 0.527187 0.395864 0.118773 0.147315
6 0.529465 0.565312 0.117861 0.149492
6 0.222965 0.247460 0.148238 0.083454
1 0.209143 0.899492 0.147327 0.085631
1 0.803615 0.908563 0.148542 0.088534
2 0.061968 0.182874 0.119684 0.058781
3 0.225091 0.155116 0.020656 0.030842
3 0.227825 0.300798 0.024301 0.027576
3 0.228281 0.658382 0.023390 0.025762
4 0.394897 0.917090 0.018834 0.030842
4 0.634721 0.919811 0.023390 0.029753
3 0.879557 0.508890 0.027035 0.023585
3 0.752734 0.425617 0.019441 0.036284
4 0.348420 0.431967 0.026124 0.023585
4 0.351458 0.477866 0.026731 0.025399
4 0.749241 0.392598 0.016100 0.025399
