0 0.753240 0.061131 0.248636 0.120438
0 0.804911 0.631843 0.244884 0.191302
0 0.232947 0.492245 0.243520 0.300791
0 0.506480 0.939173 0.244884 0.121655
1 0.467428 0.056113 0.162005 0.073905
1 0.521146 0.498327 0.167121 0.071472
1 0.751364 0.933850 0.167121 0.071472
1 0.262278 0.932178 0.160982 0.077251
2 0.465041 0.190845 0.140177 0.052007
3 0.369543 0.396137 0.036494 0.032543
3 0.096692 0.394617 0.031719 0.022810
3 0.233117 0.328923 0.036494 0.024027
3 0.619884 0.057786 0.025580 0.029197
3 0.941337 0.592762 0.020464 0.021898
3 0.668997 0.586223 0.031719 0.028285
4 0.643588 0.931569 0.024557 0.030414
4 0.367667 0.934459 0.030696 0.031326
