0 0.832746 0.157986 0.205186 0.172454
0 0.565141 0.157986 0.207106 0.170139
0 0.096671 0.104938 0.192702 0.148148
0 0.774168 0.914159 0.191101 0.171682
5 0.530410 0.806520 0.217670 0.279707
5 0.121319 0.648727 0.141485 0.174769
1 0.422855 0.521412 0.077465 0.125386
1 0.601953 0.520640 0.108515 0.128472
1 0.775768 0.566937 0.102113 0.122299
1 0.306338 0.094907 0.102433 0.140432
2 0.928617 0.568094 0.142766 0.070602
4 0.203585 0.095293 0.024968 0.030093
4 0.056018 0.191165 0.032010 0.031250
3 0.453105 0.095872 0.018886 0.031250
3 0.512164 0.249035 0.021127 0.018133
3 0.667414 0.251350 0.020487 0.018133
3 0.733035 0.250772 0.020487 0.027778
3 0.834027 0.251350 0.026569 0.020448
3 0.847311 0.061535 0.024968 0.020448
3 0.776248 0.818673 0.032010 0.023920
3 0.410531 0.778549 0.024008 0.041667
4 0.586108 0.656829 0.024968 0.017361
