4 0.228952 0.125890 0.027491 0.014601
4 0.227878 0.191952 0.025344 0.012108
4 0.228630 0.221866 0.026418 0.015670
4 0.616409 0.586360 0.046821 0.013889
4 0.616516 0.636040 0.047895 0.012821
4 0.615979 0.472222 0.048110 0.015670
4 0.615442 0.179843 0.049184 0.012108
4 0.606637 0.256232 0.030284 0.013177
4 0.762672 0.180021 0.039519 0.015313
4 0.762887 0.471866 0.041237 0.012821
4 0.770941 0.705128 0.028565 0.013533
3 0.359858 0.191417 0.031143 0.016026
3 0.360503 0.429487 0.030284 0.016382
3 0.361254 0.850071 0.028780 0.019231
3 0.601589 0.836004 0.021478 0.018162
3 0.768041 0.147436 0.033935 0.020655
0 0.109214 0.175570 0.215421 0.127493
0 0.483999 0.244836 0.214132 0.257479
0 0.892826 0.223113 0.214347 0.218305
0 0.892075 0.507301 0.214132 0.214744
0 0.892826 0.749822 0.214347 0.219729
0 0.484321 0.860221 0.213488 0.173433
1 0.293922 0.042735 0.101160 0.084758
1 0.293063 0.190349 0.101160 0.081553
1 0.296284 0.429309 0.104596 0.083689
1 0.297358 0.848647 0.102448 0.088319
6 0.693299 0.182336 0.100515 0.086182
6 0.691473 0.470620 0.101160 0.088675
6 0.691151 0.586004 0.103093 0.085114
1 0.662801 0.834224 0.103093 0.082977
2 0.256443 0.971154 0.085911 0.057692
