4 0.310882 0.290201 0.040382 0.017588
4 0.315506 0.352544 0.037300 0.012877
4 0.622996 0.285333 0.035758 0.012249
4 0.281134 0.740892 0.050555 0.014447
4 0.831073 0.831030 0.040691 0.011935
3 0.229192 0.029052 0.036683 0.016018
3 0.759402 0.057318 0.039149 0.014761
3 0.623767 0.384893 0.036683 0.012877
0 0.106042 0.057475 0.208385 0.113693
0 0.889488 0.057946 0.221023 0.114636
0 0.468557 0.347519 0.271887 0.163631
5 0.136868 0.739636 0.242293 0.163317
5 0.690197 0.830559 0.243527 0.338882
1 0.273428 0.214667 0.095561 0.051193
1 0.691739 0.169284 0.125771 0.069095
6 0.301634 0.541300 0.087855 0.051822
6 0.757707 0.578361 0.086930 0.051822
2 0.764488 0.265861 0.096794 0.049937
2 0.859279 0.202418 0.132861 0.048681
