4 0.128997 0.499386 0.019487 0.016776
4 0.130080 0.548282 0.018987 0.017185
4 0.130913 0.612725 0.019987 0.018412
4 0.482345 0.050736 0.017322 0.011457
4 0.483511 0.124591 0.016989 0.016776
4 0.483428 0.173895 0.019487 0.018003
4 0.496086 0.548895 0.019487 0.018412
4 0.857595 0.679828 0.018321 0.018412
4 0.855513 0.734656 0.020153 0.018412
3 0.356679 0.550123 0.020486 0.019231
3 0.356679 0.598609 0.020153 0.013912
3 0.635826 0.345131 0.021153 0.016776
3 0.637075 0.412643 0.020320 0.016776
3 0.855596 0.822831 0.020986 0.023732
0 0.061376 0.556056 0.120087 0.160393
0 0.413474 0.161620 0.122418 0.316694
0 0.426882 0.679010 0.121919 0.412848
5 0.702948 0.368044 0.114757 0.192717
5 0.933045 0.763298 0.133911 0.326105
1 0.229763 0.312602 0.081446 0.102291
1 0.240590 0.607201 0.079447 0.096563
1 0.286392 0.951105 0.079447 0.097791
6 0.755996 0.083265 0.079947 0.099427
6 0.713108 0.164075 0.079114 0.095745
6 0.554380 0.347177 0.080113 0.099427
6 0.566289 0.466858 0.079947 0.102291
2 0.230596 0.197831 0.068121 0.067512
2 0.240090 0.459902 0.067455 0.068740
2 0.550217 0.238339 0.073451 0.086334
2 0.627082 0.237111 0.067288 0.064239
2 0.596436 0.558306 0.074950 0.085516
2 0.666722 0.508797 0.067622 0.066694
