4 0.406553 0.523087 0.036408 0.017150
3 0.946602 0.919525 0.036408 0.013193
3 0.631675 0.298813 0.040049 0.017150
3 0.368932 0.119393 0.033981 0.019789
3 0.970267 0.263193 0.032767 0.014512
0 0.200850 0.081135 0.307039 0.156992
0 0.800971 0.205145 0.300971 0.249340
0 0.152913 0.488127 0.303398 0.092348
0 0.577670 0.467018 0.305825 0.145119
0 0.780340 0.920844 0.303398 0.158311
1 0.137743 0.306069 0.093447 0.102902
1 0.491505 0.153694 0.099515 0.101583
6 0.288835 0.350264 0.145631 0.080475
6 0.857403 0.562005 0.144417 0.079156
2 0.606796 0.666887 0.126214 0.067282
2 0.782160 0.777704 0.149272 0.083113
