4 0.243741 0.063211 0.040334 0.013906
4 0.368915 0.423989 0.042420 0.010430
4 0.368394 0.613780 0.040682 0.013274
4 0.953929 0.272282 0.072670 0.011694
4 0.939499 0.632427 0.041725 0.011378
3 0.259562 0.925569 0.042072 0.018647
3 0.650556 0.885746 0.044506 0.015487
3 0.635431 0.056890 0.048331 0.017067
0 0.440542 0.058154 0.344924 0.111884
0 0.176287 0.481037 0.351182 0.382427
0 0.746349 0.462863 0.352225 0.493363
0 0.453060 0.923673 0.347010 0.152655
1 0.238004 0.770702 0.167942 0.073009
1 0.862830 0.885904 0.172809 0.077750
1 0.224444 0.190107 0.167942 0.072377
1 0.861961 0.051517 0.166898 0.076485
