2 0.310300 0.164843 0.045433 0.022572
2 0.592650 0.138680 0.042578 0.015390
2 0.392959 0.214432 0.007136 0.031464
2 0.167222 0.584131 0.011418 0.042408
2 0.775095 0.663646 0.008801 0.042066
3 0.167697 0.284029 0.008088 0.036594
3 0.452664 0.213748 0.009515 0.032832
3 0.302807 0.466655 0.034729 0.012654
3 0.615604 0.515903 0.028069 0.018810
3 0.307326 0.889022 0.032350 0.014706
3 0.600500 0.879788 0.038773 0.015390
0 0.165794 0.433653 0.239296 0.258550
0 0.776403 0.478967 0.293530 0.325923
0 0.451951 0.099179 0.239296 0.190150
5 0.452783 0.857387 0.255709 0.285226
1 0.184824 0.177668 0.101808 0.112517
1 0.367150 0.314466 0.124881 0.109781
1 0.508920 0.314979 0.131541 0.102599
1 0.710990 0.164843 0.104662 0.112175
6 0.192912 0.783687 0.133206 0.137825
6 0.743340 0.781464 0.129401 0.127223
2 0.063154 0.055404 0.089201 0.083447
2 0.805423 0.083105 0.085633 0.087551
2 0.044244 0.781635 0.087060 0.084473
2 0.061251 0.908687 0.106327 0.095075
2 0.266889 0.683653 0.080400 0.085499
2 0.637488 0.712551 0.075167 0.083105
2 0.814343 0.911423 0.106327 0.098495
2 0.956470 0.783174 0.087060 0.083447
