4 0.165756 0.083583 0.025630 0.015742
4 0.164811 0.152549 0.024160 0.014993
4 0.415021 0.609070 0.024160 0.019490
3 0.413866 0.506559 0.029412 0.018366
3 0.592437 0.489318 0.024370 0.013868
3 0.245693 0.863568 0.024160 0.014993
3 0.836134 0.057721 0.022269 0.018741
3 0.834349 0.159295 0.026681 0.017991
0 0.075630 0.151237 0.149160 0.227511
0 0.504202 0.515367 0.153361 0.363568
0 0.923109 0.185532 0.153782 0.365817
5 0.149895 0.863006 0.168697 0.273988
1 0.508088 0.083583 0.099370 0.089955
1 0.291702 0.353636 0.098109 0.092579
1 0.703466 0.400487 0.099370 0.088831
6 0.335084 0.734070 0.099580 0.091079
