4 0.444538 0.089489 0.036555 0.014205
4 0.448319 0.128630 0.026471 0.013573
4 0.689916 0.051294 0.032353 0.012942
4 0.692857 0.128472 0.041176 0.013889
3 0.925630 0.620423 0.035294 0.014836
3 0.925945 0.653093 0.035924 0.015152
3 0.668067 0.843277 0.025630 0.015467
3 0.332983 0.848327 0.025210 0.015467
3 0.088445 0.866162 0.042437 0.014520
3 0.113340 0.455808 0.008193 0.075758
3 0.248424 0.090120 0.041387 0.014205
3 0.247899 0.227746 0.040756 0.011679
0 0.214181 0.845328 0.208613 0.151515
0 0.566912 0.088226 0.211555 0.124053
5 0.115231 0.214646 0.229622 0.407197
5 0.796954 0.639678 0.228361 0.523674
1 0.169223 0.580966 0.101471 0.077336
1 0.497794 0.821496 0.096429 0.072917
6 0.336870 0.090436 0.135504 0.104482
6 0.337290 0.226641 0.137605 0.102273
6 0.848319 0.051926 0.134034 0.101326
6 0.851681 0.179293 0.133193 0.103535
2 0.294223 0.493213 0.086345 0.052083
2 0.294958 0.621686 0.083193 0.052083
2 0.446639 0.971117 0.089916 0.054609
2 0.555252 0.973011 0.084034 0.053977
