4 0.329903 0.566565 0.035714 0.010603
4 0.511501 0.839067 0.037530 0.011310
4 0.280569 0.216423 0.036925 0.009661
4 0.281628 0.226909 0.034201 0.008483
4 0.929177 0.440975 0.071429 0.007304
3 0.512409 0.801367 0.038136 0.009425
3 0.814316 0.835179 0.037228 0.009661
3 0.608959 0.361569 0.035714 0.009661
3 0.028299 0.499764 0.036017 0.008954
0 0.177209 0.550778 0.264225 0.183082
0 0.761955 0.386428 0.269673 0.186145
0 0.433263 0.204877 0.269673 0.084590
0 0.664346 0.817978 0.261501 0.143497
1 0.467464 0.038525 0.172215 0.075636
1 0.516798 0.602851 0.172215 0.075165
1 0.886350 0.621701 0.144370 0.054901
1 0.337318 0.886074 0.147397 0.052545
2 0.687046 0.594958 0.119249 0.039585
2 0.699153 0.636310 0.121065 0.028982
2 0.685533 0.707116 0.121065 0.037229
2 0.838832 0.725730 0.159504 0.036287
2 0.178117 0.835533 0.125605 0.038643
2 0.129843 0.896913 0.121065 0.037936
2 0.202179 0.971725 0.122881 0.037229
2 0.378783 0.980325 0.159504 0.036993
