4 0.100637 0.461414 0.010284 0.051294
4 0.089863 0.679067 0.010284 0.060536
3 0.356881 0.940850 0.034035 0.026802
3 0.309868 0.154575 0.028648 0.025416
3 0.489349 0.335028 0.014936 0.078558
3 0.583986 0.161738 0.031342 0.026802
0 0.122796 0.562847 0.243634 0.158965
0 0.495225 0.918900 0.244123 0.129852
0 0.445519 0.184843 0.244123 0.224584
0 0.876959 0.379390 0.246082 0.171904
1 0.494858 0.573706 0.117042 0.106747
1 0.188051 0.212338 0.078844 0.087338
1 0.227228 0.955407 0.078355 0.089187
1 0.650955 0.195702 0.068805 0.056839
2 0.185113 0.085259 0.089128 0.056839
2 0.591822 0.466497 0.127326 0.084566
2 0.671645 0.571858 0.127816 0.087338
2 0.593536 0.676987 0.087169 0.056377
2 0.617899 0.037662 0.102106 0.074399
2 0.735309 0.073706 0.098433 0.071627
2 0.823702 0.167514 0.097453 0.074399
