4 0.218519 0.422233 0.014074 0.057692
4 0.749630 0.420547 0.017778 0.054318
4 0.865000 0.518893 0.016667 0.072874
4 0.601852 0.028003 0.060741 0.011471
4 0.602407 0.095479 0.061852 0.012821
4 0.597593 0.163968 0.048519 0.011471
4 0.596111 0.231444 0.048519 0.012821
4 0.592963 0.297908 0.044444 0.014845
3 0.381296 0.026991 0.042593 0.013495
3 0.381481 0.096323 0.044444 0.016532
3 0.381296 0.162281 0.044815 0.014845
3 0.380000 0.230938 0.040000 0.015182
3 0.379815 0.298077 0.045556 0.016532
3 0.292963 0.655702 0.056296 0.015857
3 0.709815 0.656545 0.041111 0.017544
4 0.545370 0.908738 0.038889 0.009109
4 0.570556 0.826586 0.038148 0.016194
4 0.772963 0.935729 0.024444 0.019906
3 0.751667 0.841768 0.027037 0.020918
4 0.867963 0.841262 0.027037 0.009784
0 0.133889 0.655533 0.265556 0.119433
0 0.865370 0.634784 0.268519 0.162281
1 0.480370 0.466093 0.194074 0.065115
1 0.487593 0.654690 0.195926 0.069838
1 0.702778 0.872301 0.192222 0.069163
2 0.229815 0.364541 0.173704 0.052969
2 0.747037 0.364204 0.172593 0.054993
2 0.552778 0.796053 0.208519 0.053644
2 0.493519 0.925270 0.093704 0.043522
2 0.782222 0.972672 0.172593 0.054656
2 0.878889 0.817139 0.087407 0.037787
