4 0.700760 0.497868 0.023172 0.009744
4 0.192071 0.250152 0.021723 0.011876
4 0.590605 0.165347 0.020818 0.009744
3 0.357712 0.120585 0.023534 0.011571
3 0.481535 0.513246 0.021723 0.012485
3 0.836260 0.780603 0.022629 0.013094
0 0.091238 0.258222 0.180304 0.123021
5 0.474837 0.163977 0.208182 0.327345
5 0.590876 0.513398 0.199131 0.272838
5 0.827209 0.890530 0.205467 0.218940
6 0.333907 0.535627 0.084902 0.073691
6 0.840424 0.437881 0.084178 0.077345
2 0.271180 0.663977 0.079290 0.042326
2 0.369750 0.638703 0.072954 0.036236
2 0.912835 0.318971 0.085626 0.099574
2 0.956644 0.426766 0.084178 0.097138
