4 0.367349 0.305604 0.052073 0.014808
3 0.586994 0.936992 0.030849 0.017422
3 0.469151 0.542973 0.034057 0.009292
3 0.491609 0.117741 0.030602 0.014228
3 0.470879 0.253920 0.034551 0.011905
3 0.592300 0.305604 0.047878 0.011905
3 0.796027 0.307636 0.054047 0.014228
3 0.200395 0.303426 0.047384 0.013357
0 0.090449 0.322300 0.178430 0.135308
0 0.481614 0.396487 0.181885 0.292393
0 0.479763 0.058798 0.178184 0.114111
0 0.911278 0.322300 0.176456 0.137631
0 0.480750 0.941347 0.185587 0.117305
1 0.479393 0.721835 0.120681 0.072009
1 0.482108 0.178136 0.118707 0.066492
6 0.280109 0.305604 0.120434 0.069977
6 0.699284 0.305604 0.119694 0.072300
2 0.259625 0.732578 0.097730 0.046458
