4 0.426221 0.624692 0.040366 0.013872
4 0.257972 0.552867 0.041045 0.016338
4 0.510516 0.518496 0.042741 0.013564
4 0.648915 0.518804 0.050204 0.012947
4 0.250848 0.026202 0.041045 0.015413
4 0.253392 0.086930 0.044776 0.010481
4 0.252883 0.150123 0.038331 0.010481
4 0.251696 0.211467 0.042741 0.014797
4 0.253901 0.272657 0.041723 0.012022
3 0.529172 0.930949 0.039349 0.016030
3 0.427069 0.684803 0.040027 0.012022
3 0.637720 0.723644 0.045455 0.016954
3 0.154512 0.334464 0.041045 0.015413
3 0.428087 0.026510 0.042062 0.014797
3 0.426560 0.086930 0.041045 0.013564
3 0.426560 0.149044 0.041045 0.014488
3 0.428087 0.211005 0.042062 0.018804
3 0.427917 0.272195 0.040366 0.012947
3 0.503731 0.333539 0.045455 0.015413
0 0.238636 0.629316 0.341588 0.153206
0 0.339383 0.936652 0.341588 0.126695
0 0.830224 0.687115 0.339552 0.112207
1 0.340570 0.383323 0.164858 0.074908
1 0.529512 0.642571 0.160109 0.071825
1 0.439790 0.778052 0.162483 0.075832
2 0.073440 0.331535 0.146201 0.050863
2 0.342944 0.026510 0.140434 0.050555
2 0.343453 0.087084 0.134668 0.052713
2 0.345319 0.148890 0.140434 0.050555
2 0.342944 0.209926 0.143148 0.047472
2 0.341079 0.270962 0.141452 0.050555
2 0.590570 0.332768 0.141791 0.048397
2 0.502714 0.493372 0.135685 0.048397
2 0.665706 0.493989 0.136703 0.049630
