4 0.487173 0.406215 0.019953 0.011635
4 0.461435 0.792707 0.023810 0.009932
3 0.177649 0.558740 0.019618 0.012486
3 0.177901 0.607974 0.019115 0.011635
3 0.282612 0.301788 0.023307 0.012770
3 0.258551 0.800369 0.019785 0.013337
3 0.666415 0.602299 0.022300 0.011067
3 0.666080 0.633797 0.023642 0.012770
0 0.085010 0.580732 0.167002 0.117196
0 0.761234 0.619183 0.168343 0.108967
5 0.385396 0.285187 0.180919 0.568672
5 0.359490 0.828462 0.183769 0.343076
1 0.603035 0.430051 0.053152 0.089955
1 0.603035 0.797247 0.051811 0.091090
6 0.168763 0.817821 0.080315 0.068672
6 0.195339 0.352015 0.077465 0.066118
2 0.187710 0.226731 0.081657 0.070942
2 0.073441 0.353859 0.082495 0.072077
2 0.100352 0.725596 0.081657 0.066402
2 0.060865 0.817821 0.082495 0.068672
2 0.557679 0.295829 0.092220 0.076901
2 0.664906 0.302923 0.078974 0.093360
2 0.550973 0.904796 0.092891 0.081442
2 0.664822 0.909478 0.083166 0.093644
