4 0.095919 0.450776 0.038882 0.014297
4 0.290006 0.449755 0.041452 0.013889
4 0.115360 0.284109 0.042416 0.014297
3 0.370341 0.667484 0.034383 0.017157
3 0.807198 0.542688 0.042416 0.017565
3 0.772494 0.908292 0.040488 0.021650
0 0.101060 0.182598 0.199550 0.193627
0 0.399100 0.173815 0.227506 0.341912
0 0.255302 0.666871 0.202121 0.189951
0 0.914203 0.535131 0.171594 0.129085
0 0.884479 0.910335 0.188625 0.148284
1 0.591902 0.579657 0.152956 0.095588
6 0.512371 0.851103 0.154563 0.096814
6 0.194891 0.448529 0.151992 0.098039
2 0.419344 0.967525 0.131105 0.064951
2 0.571337 0.965278 0.128535 0.064542
4 0.401832 0.344567 0.033740 0.025735
