4 0.534692 0.119727 0.070852 0.012407
4 0.712555 0.203164 0.013950 0.053350
3 0.140051 0.248759 0.013583 0.024194
3 0.140969 0.416563 0.016887 0.050868
3 0.486233 0.417804 0.016520 0.052109
3 0.316263 0.119417 0.075257 0.010546
3 0.141153 0.704715 0.013583 0.053970
3 0.484949 0.710918 0.013216 0.041563
3 0.557819 0.888337 0.053965 0.013648
0 0.713106 0.108251 0.278634 0.128412
5 0.140235 0.118952 0.279736 0.237283
5 0.140969 0.557537 0.278267 0.237283
5 0.486601 0.565602 0.296256 0.249069
5 0.360683 0.887252 0.340308 0.225496
1 0.310756 0.317308 0.116373 0.097395
6 0.711270 0.728753 0.153084 0.121898
6 0.423825 0.118331 0.140602 0.114454
2 0.119493 0.317308 0.174376 0.050248
2 0.504222 0.316842 0.177313 0.053660
2 0.912261 0.658189 0.175477 0.038462
2 0.910059 0.708902 0.176211 0.037531
2 0.910426 0.760236 0.179148 0.037221
2 0.911711 0.830335 0.176579 0.038462
2 0.911711 0.890664 0.176579 0.037531
