3 0.310890 0.527426 0.036300 0.016878
3 0.311475 0.563994 0.035129 0.016878
3 0.376464 0.068917 0.036300 0.014065
3 0.597775 0.071730 0.033958 0.016878
3 0.644028 0.549930 0.035129 0.014065
3 0.327869 0.922644 0.035129 0.019691
3 0.573770 0.921238 0.037471 0.016878
3 0.973068 0.549930 0.035129 0.016878
0 0.146956 0.528833 0.291569 0.323488
0 0.450234 0.921941 0.209602 0.125176
0 0.485363 0.071027 0.188525 0.139241
0 0.809719 0.507736 0.293911 0.253165
1 0.370609 0.295359 0.141686 0.081575
1 0.557963 0.280591 0.141686 0.085795
1 0.193794 0.838256 0.139344 0.101266
1 0.755269 0.816456 0.142857 0.080169
2 0.059719 0.917018 0.114754 0.059072
2 0.205504 0.971871 0.120609 0.056259
2 0.733607 0.943741 0.118267 0.061885
2 0.897541 0.857947 0.118267 0.056259
