4 0.222979 0.271421 0.027702 0.018649
4 0.587875 0.096774 0.029973 0.016129
4 0.586285 0.384325 0.027702 0.021673
3 0.395890 0.105595 0.028383 0.023690
3 0.696639 0.556704 0.029064 0.024698
3 0.731494 0.737399 0.027929 0.019153
3 0.819823 0.093498 0.031108 0.022681
0 0.104337 0.235383 0.208220 0.302419
0 0.492393 0.345514 0.164623 0.546875
0 0.828111 0.867440 0.163034 0.265121
0 0.917348 0.182712 0.165304 0.206149
1 0.317666 0.213962 0.105359 0.125504
1 0.700272 0.234627 0.108084 0.120464
6 0.758629 0.553175 0.114896 0.125504
2 0.927225 0.595766 0.091508 0.082661
2 0.708787 0.043599 0.092416 0.084173
