4 0.098151 0.475254 0.010228 0.107868
4 0.336251 0.501481 0.010425 0.048646
4 0.509933 0.511421 0.008851 0.071066
4 0.779111 0.263325 0.047207 0.019882
4 0.832710 0.125212 0.007278 0.106599
3 0.339103 0.341794 0.047207 0.021151
3 0.579760 0.806472 0.008851 0.053723
3 0.546715 0.179146 0.008851 0.047800
3 0.569434 0.281514 0.023210 0.019036
0 0.099233 0.608926 0.195712 0.166244
0 0.318942 0.634518 0.197286 0.219120
0 0.461251 0.340736 0.196302 0.272843
0 0.571007 0.914975 0.197089 0.170051
0 0.901849 0.254865 0.196302 0.174704
1 0.660012 0.290398 0.093824 0.107868
1 0.669650 0.067893 0.063139 0.134941
6 0.221479 0.408629 0.096381 0.102369
6 0.571007 0.677665 0.095594 0.103215
