4 0.180254 0.856888 0.026861 0.026128
4 0.443096 0.855998 0.027097 0.024347
3 0.085061 0.653207 0.008483 0.073634
3 0.254830 0.358076 0.038878 0.030879
3 0.362158 0.355998 0.028275 0.026722
3 0.500707 0.606295 0.011310 0.119952
3 0.625707 0.358076 0.023798 0.028504
3 0.733035 0.358670 0.025919 0.027316
0 0.118992 0.442696 0.235627 0.361639
0 0.312441 0.890439 0.237041 0.219121
0 0.494934 0.407067 0.236334 0.286817
0 0.678959 0.088183 0.112394 0.165677
5 0.871701 0.370249 0.256598 0.265439
1 0.086122 0.739014 0.077050 0.094418
1 0.500118 0.717043 0.074694 0.095606
1 0.310320 0.361639 0.070688 0.093824
6 0.678605 0.358076 0.081056 0.118765
