4 0.216602 0.557143 0.014916 0.016071
4 0.389429 0.074777 0.039559 0.020982
4 0.514105 0.190179 0.013294 0.075000
4 0.635863 0.074107 0.035668 0.019643
4 0.402886 0.603571 0.012646 0.021429
4 0.624027 0.525446 0.014591 0.016964
4 0.623541 0.605134 0.012970 0.019196
4 0.785992 0.502232 0.012322 0.021429
4 0.784857 0.555580 0.014591 0.019196
3 0.228275 0.454018 0.038911 0.024107
3 0.226978 0.610714 0.039559 0.021429
3 0.389916 0.968527 0.041829 0.022768
3 0.636835 0.966071 0.039559 0.017857
3 0.514267 0.421875 0.014267 0.051786
3 0.771401 0.450000 0.041505 0.020536
3 0.771725 0.611161 0.041505 0.020536
0 0.104734 0.452009 0.208820 0.363839
0 0.515240 0.918080 0.208820 0.156696
0 0.513619 0.605580 0.210117 0.313839
0 0.512970 0.079241 0.208820 0.155804
0 0.895266 0.454911 0.209468 0.366964
1 0.325065 0.260937 0.157263 0.107589
1 0.513619 0.281027 0.151751 0.097768
1 0.701848 0.250000 0.155318 0.103571
1 0.311446 0.574107 0.152724 0.104464
1 0.334144 0.786384 0.153372 0.102232
1 0.694715 0.785268 0.153372 0.104464
1 0.705091 0.478125 0.124838 0.084821
1 0.703470 0.582143 0.123541 0.108036
2 0.131161 0.785714 0.131971 0.073214
2 0.908236 0.786830 0.129702 0.075446
