4 0.031451 0.087600 0.044288 0.010542
4 0.392490 0.018574 0.037227 0.009538
4 0.393935 0.076054 0.036264 0.010040
4 0.425225 0.363203 0.037227 0.009538
4 0.425546 0.394955 0.039153 0.007781
4 0.577182 0.468499 0.036906 0.009789
3 0.033537 0.225653 0.039474 0.013052
3 0.427792 0.229669 0.041720 0.011044
3 0.969673 0.346009 0.039474 0.010291
3 0.367619 0.791541 0.037548 0.010793
1 0.490051 0.723519 0.101412 0.080070
6 0.474647 0.138931 0.139281 0.062500
6 0.122272 0.146963 0.140565 0.061496
6 0.730263 0.095884 0.138318 0.062751
0 0.189345 0.791165 0.320924 0.089357
0 0.215019 0.051832 0.319641 0.101657
5 0.228338 0.394955 0.354621 0.386295
5 0.774711 0.345884 0.361361 0.292671
2 0.748074 0.860442 0.154685 0.064257
2 0.759307 0.968750 0.154685 0.062500
