4 0.396853 0.091854 0.045455 0.020781
3 0.073776 0.401081 0.049650 0.015794
3 0.071678 0.799667 0.046853 0.024938
3 0.684615 0.609726 0.051748 0.022444
3 0.675524 0.113051 0.062937 0.024938
3 0.682867 0.254780 0.055245 0.017456
0 0.236014 0.236492 0.274825 0.396509
0 0.236713 0.881962 0.276224 0.236076
0 0.844406 0.156276 0.272028 0.309227
0 0.846853 0.693267 0.276923 0.221114
1 0.283916 0.598919 0.180420 0.107232
1 0.846853 0.454697 0.152448 0.104738
6 0.552098 0.110141 0.178322 0.110557
2 0.077622 0.598088 0.153846 0.072319
