4 0.126224 0.398644 0.014685 0.033727
4 0.137587 0.843359 0.015035 0.033727
4 0.276748 0.937239 0.043706 0.012865
4 0.589336 0.749826 0.039510 0.012865
4 0.273601 0.546940 0.044406 0.013908
4 0.702972 0.517559 0.036713 0.014256
3 0.392483 0.192629 0.043007 0.020862
3 0.588636 0.784597 0.045804 0.016342
0 0.125874 0.507476 0.251049 0.182545
0 0.127797 0.929068 0.251399 0.136996
5 0.860490 0.516864 0.279021 0.279207
5 0.554371 0.185848 0.280769 0.160987
5 0.747378 0.836752 0.270979 0.211057
1 0.129895 0.710014 0.168182 0.079277
6 0.220280 0.230529 0.165035 0.084840
6 0.456294 0.511300 0.165035 0.081711
6 0.428322 0.867698 0.170629 0.085883
2 0.090035 0.029555 0.140909 0.058414
2 0.283916 0.028512 0.139860 0.056328
2 0.371329 0.391864 0.139860 0.059805
2 0.582867 0.393428 0.143357 0.054590
