4 0.148932 0.157222 0.022121 0.016667
4 0.493898 0.302037 0.008772 0.041111
3 0.073989 0.265000 0.008772 0.055185
3 0.408467 0.831852 0.034706 0.018519
3 0.493993 0.646481 0.009344 0.052963
3 0.393497 0.159259 0.025744 0.018519
3 0.593059 0.156852 0.023265 0.015185
3 0.851163 0.156296 0.021930 0.014074
0 0.069413 0.163333 0.136918 0.146667
0 0.494088 0.142963 0.178490 0.282963
0 0.493802 0.835926 0.135584 0.328148
0 0.931255 0.165185 0.137490 0.148148
1 0.207094 0.830000 0.091915 0.091111
1 0.271358 0.155370 0.090008 0.091481
1 0.722540 0.158704 0.089245 0.090000
1 0.494088 0.470185 0.092677 0.088519
2 0.722921 0.377037 0.078947 0.060741
