4 0.559770 0.551860 0.022816 0.017339
4 0.598089 0.866646 0.024961 0.015132
4 0.762188 0.866488 0.022816 0.013556
3 0.153179 0.600883 0.023986 0.015132
3 0.394891 0.588588 0.023791 0.014502
3 0.394696 0.719420 0.024181 0.015132
3 0.815815 0.550599 0.023206 0.012295
3 0.980304 0.708228 0.023791 0.014817
0 0.070885 0.600095 0.141381 0.191362
0 0.477282 0.632409 0.142161 0.278058
0 0.899278 0.633985 0.142161 0.279319
0 0.678920 0.904319 0.141381 0.186948
1 0.267941 0.555643 0.089704 0.070933
1 0.485569 0.909836 0.093214 0.071879
1 0.680577 0.518600 0.094774 0.075662
1 0.898596 0.908102 0.092044 0.075347
2 0.266576 0.468947 0.078783 0.050757
2 0.265893 0.658733 0.077418 0.053909
2 0.212559 0.757251 0.080733 0.048550
2 0.312500 0.758985 0.078588 0.053909
