4 0.165126 0.460938 0.026050 0.019097
4 0.523739 0.828559 0.022269 0.019965
4 0.510294 0.351997 0.027311 0.014757
4 0.685294 0.512153 0.026050 0.015625
4 0.684874 0.739583 0.026050 0.019097
3 0.164076 0.409071 0.024790 0.015191
3 0.304727 0.082899 0.026261 0.018229
3 0.302206 0.783420 0.027941 0.017361
3 0.878466 0.626736 0.059454 0.019965
3 0.718803 0.192274 0.025420 0.015625
0 0.076050 0.432509 0.151261 0.174913
0 0.773529 0.598090 0.151261 0.332465
5 0.417017 0.825087 0.194538 0.303819
5 0.407983 0.236979 0.176471 0.473090
0 0.630987 0.175564 0.151891 0.141927
1 0.176471 0.120660 0.098739 0.101562
1 0.151576 0.746962 0.099370 0.104167
6 0.623950 0.947266 0.100000 0.105469
6 0.597374 0.436632 0.101471 0.108507
2 0.840336 0.347656 0.083193 0.069444
2 0.829412 0.208767 0.084034 0.069444
2 0.958508 0.236545 0.082983 0.069444
