4 0.269919 0.537165 0.018569 0.070009
4 0.106853 0.537165 0.021945 0.070009
4 0.108542 0.707433 0.015192 0.069144
4 0.271945 0.711755 0.017893 0.069144
4 0.563639 0.425454 0.059082 0.023768
3 0.567353 0.217373 0.055030 0.026793
4 0.668636 0.571737 0.015868 0.137424
3 0.350777 0.802939 0.054018 0.018150
3 0.344531 0.217373 0.068535 0.026793
3 0.341155 0.423725 0.061783 0.018583
0 0.190581 0.322169 0.244767 0.361711
0 0.715901 0.216292 0.244092 0.154278
0 0.717589 0.424806 0.244092 0.160761
5 0.190581 0.865169 0.271776 0.242005
1 0.526840 0.639801 0.157664 0.102420
1 0.452566 0.423077 0.157664 0.103717
1 0.458980 0.216724 0.156989 0.105877
6 0.110736 0.622515 0.162728 0.096370
6 0.272282 0.623596 0.160365 0.104581
2 0.460162 0.069360 0.139095 0.072169
