4 0.039012 0.076712 0.019852 0.013889
4 0.110457 0.029554 0.008541 0.037145
4 0.179594 0.030685 0.008772 0.034238
4 0.228532 0.057009 0.028163 0.011305
4 0.228301 0.076389 0.029086 0.010659
4 0.406856 0.240472 0.018698 0.024225
4 0.555286 0.220123 0.031163 0.013243
4 0.436981 0.480943 0.047553 0.016150
4 0.638273 0.472868 0.023546 0.015504
4 0.637350 0.489664 0.019852 0.011628
4 0.764081 0.493863 0.015697 0.013566
4 0.765697 0.738049 0.017082 0.013566
3 0.232687 0.580588 0.046168 0.015181
3 0.227724 0.591570 0.036242 0.015827
3 0.315328 0.537468 0.008772 0.030362
3 0.439751 0.747739 0.040628 0.016796
3 0.753116 0.849483 0.040859 0.014858
3 0.962373 0.614664 0.018006 0.017442
3 0.552862 0.301357 0.037396 0.016150
0 0.132041 0.104167 0.168513 0.117248
0 0.126154 0.582203 0.164589 0.115310
0 0.313943 0.367894 0.167590 0.313307
0 0.544206 0.613372 0.166436 0.308786
5 0.663089 0.300065 0.183980 0.211886
5 0.862073 0.571382 0.181671 0.227390
5 0.863573 0.814276 0.178670 0.213178
1 0.325485 0.133236 0.055402 0.057171
1 0.468721 0.118217 0.057018 0.061370
1 0.340489 0.614341 0.071560 0.067829
1 0.347876 0.842054 0.073869 0.071059
6 0.971376 0.265504 0.057248 0.067829
6 0.701985 0.487403 0.069252 0.082687
6 0.703139 0.706395 0.070175 0.083979
6 0.453370 0.248870 0.075716 0.079780
6 0.570406 0.964955 0.058633 0.068798
2 0.339797 0.707041 0.057710 0.050388
2 0.455217 0.844315 0.059557 0.051680
