4 0.387346 0.082168 0.025720 0.024476
4 0.599794 0.081294 0.022634 0.026224
3 0.198045 0.479021 0.023663 0.031469
3 0.211420 0.691434 0.050412 0.029720
3 0.380658 0.692308 0.041152 0.031469
3 0.608539 0.688811 0.042181 0.024476
3 0.770576 0.692308 0.043210 0.024476
3 0.781893 0.482517 0.022634 0.034965
0 0.094136 0.645979 0.186214 0.487762
0 0.494856 0.699301 0.189300 0.174825
0 0.495370 0.081294 0.188272 0.159091
0 0.895576 0.701923 0.208848 0.596154
1 0.299897 0.692308 0.124486 0.104895
1 0.330761 0.298077 0.122428 0.110140
1 0.659979 0.297203 0.120370 0.108392
1 0.689300 0.693182 0.121399 0.106643
2 0.299383 0.525350 0.104938 0.071678
2 0.690844 0.524476 0.103909 0.073427
