4 0.160757 0.604853 0.013409 0.086081
4 0.400030 0.266941 0.029499 0.020147
4 0.453516 0.223214 0.010131 0.055403
4 0.533522 0.220696 0.014005 0.059524
4 0.596097 0.267857 0.047974 0.016484
4 0.840733 0.540293 0.014005 0.063187
3 0.128129 0.284112 0.013707 0.059066
3 0.180274 0.279991 0.014303 0.048993
3 0.337455 0.808379 0.036055 0.019689
3 0.447259 0.680861 0.014899 0.063187
3 0.555870 0.680174 0.013409 0.059982
3 0.661204 0.638965 0.036949 0.020604
3 0.753129 0.068223 0.037843 0.021978
3 0.258045 0.093178 0.037545 0.021520
3 0.812128 0.257784 0.013409 0.032967
3 0.850715 0.269918 0.014303 0.065476
0 0.128129 0.138965 0.224672 0.235806
0 0.853248 0.119963 0.162396 0.239011
5 0.162098 0.793040 0.320024 0.296703
5 0.839690 0.785256 0.320024 0.429487
1 0.326132 0.361264 0.142729 0.108974
1 0.399434 0.076923 0.146305 0.104396
1 0.620232 0.077381 0.143325 0.108059
1 0.696812 0.362408 0.147497 0.111264
1 0.405542 0.535943 0.142431 0.106685
1 0.568236 0.534570 0.144815 0.111264
6 0.128427 0.426740 0.146007 0.107143
6 0.852503 0.383700 0.145411 0.109890
