4 0.200785 0.815193 0.011518 0.070295
4 0.735340 0.511621 0.026702 0.020975
3 0.199084 0.213152 0.012304 0.060091
3 0.362042 0.102041 0.030890 0.024943
3 0.279581 0.511621 0.037173 0.030045
3 0.593063 0.885771 0.029058 0.026644
3 0.644764 0.104875 0.032984 0.034014
3 0.828665 0.384637 0.009686 0.053855
0 0.131937 0.511338 0.262304 0.543084
0 0.504581 0.193311 0.251571 0.385488
0 0.873429 0.510771 0.253141 0.201814
5 0.738482 0.887755 0.263351 0.224490
1 0.282723 0.102041 0.126178 0.136054
1 0.479058 0.509921 0.126178 0.134354
1 0.465052 0.883787 0.144764 0.165533
1 0.723953 0.102891 0.125393 0.140023
