4 0.212830 0.235140 0.025580 0.008741
4 0.211531 0.280594 0.024980 0.009241
4 0.211631 0.305070 0.021583 0.008741
4 0.212330 0.325674 0.024181 0.010989
4 0.484512 0.824925 0.026579 0.008991
4 0.452738 0.285839 0.024580 0.009740
4 0.592526 0.105395 0.025580 0.010490
4 0.815647 0.076424 0.023781 0.009491
4 0.877498 0.805569 0.026779 0.011239
3 0.219624 0.856019 0.025180 0.014735
3 0.592026 0.046578 0.023381 0.011239
3 0.817346 0.149226 0.024780 0.010240
1 0.123701 0.689810 0.105116 0.119381
1 0.292166 0.640485 0.101519 0.122627
1 0.331335 0.544830 0.080735 0.092158
1 0.372602 0.166958 0.072942 0.090160
1 0.547162 0.249376 0.089129 0.100649
1 0.719724 0.334540 0.096123 0.109141
6 0.871603 0.570430 0.095723 0.102897
0 0.101918 0.264111 0.200639 0.152098
0 0.351319 0.890485 0.240608 0.219031
0 0.704936 0.084915 0.202438 0.167333
5 0.763989 0.816808 0.233813 0.152098
0 0.367406 0.340160 0.147682 0.199800
2 0.971223 0.574675 0.057554 0.038961
