4 0.698529 0.702062 0.045455 0.016281
3 0.037099 0.558249 0.013369 0.038350
3 0.198028 0.838097 0.013035 0.036541
3 0.357620 0.091353 0.014037 0.058249
3 0.659926 0.211469 0.041778 0.024240
3 0.658422 0.471780 0.042781 0.018813
0 0.197527 0.304450 0.322193 0.607453
0 0.197193 0.927460 0.241979 0.145080
0 0.838402 0.342258 0.323195 0.391462
0 0.840241 0.739870 0.243984 0.151230
1 0.552640 0.594609 0.156751 0.086469
1 0.370822 0.750724 0.160094 0.078871
2 0.551638 0.824168 0.132687 0.057164
2 0.452874 0.895441 0.135695 0.057164
